N_unmapped	19462	19462	19462
N_multimapping	16675	16675	16675
N_noFeature	182763	702020	702643
N_ambiguous	474948	230553	227969
NM_033031	6	3	3
NM_033670	0	0	0
NM_144969	0	0	0
NM_001168362	0	0	0
NM_001168361	0	0	0
NM_001168360	0	0	0
NM_001146257	0	0	0
NM_001146256	0	0	0
NM_001168363	0	0	0
NM_014467	0	0	0
NM_001271680	0	0	0
NM_032969	0	0	0
NM_032968	0	0	0
NM_021118	0	0	0
NM_000351	1957	1004	964
NM_013427	0	0	0
NM_000381	0	0	0
NM_001098624	0	0	0
NM_001118886	0	0	0
NM_006125	5	2	3
NM_001193278	0	0	0
NM_033290	0	0	0
NM_033289	0	0	0
NM_001193277	0	0	0
NM_014728	0	0	0
NM_015507	0	0	0
NR_109776	1	1	0
NM_002063	0	0	0
NM_001118885	0	0	0
NM_001167890	0	0	0
NM_001193280	0	0	0
NM_001193279	0	0	0
NM_001171942	0	0	0
NM_021785	0	0	0
NR_073010	0	0	0
NM_001172743	0	0	0
NM_001172739	0	0	0
NM_001172732	0	0	0
NM_198279	404	187	217
NR_033349	0	0	0
NR_033348	0	0	0
NM_004022	0	0	0
NM_004012	0	0	0
NM_004023	0	0	0
NM_004020	0	0	0
NM_000109	0	0	0
NM_004011	0	0	0
NM_004009	0	0	0
NM_004006	0	0	0
NM_004014	0	0	0
NM_004013	0	0	0
NM_004010	0	0	0
NM_004021	0	0	0
NM_014271	0	0	0
NM_001291421	0	0	0
NM_001291418	0	0	0
NM_001291417	0	0	0
NM_001291416	0	0	0
NM_001291415	0	0	0
NM_021140	0	0	0
NM_033215	71	38	33
NM_001204468	0	0	0
NM_001204466	0	0	0
NM_005676	0	0	0
NM_001204467	0	0	0
NM_001184745	0	0	0
NM_152856	0	0	0
NR_111960	0	0	0
NM_001178032	0	0	0
NM_001243804	0	0	0
NM_001166418	0	0	0
NM_018486	0	0	0
NM_012278	7	4	3
NM_006517	0	0	0
NR_103715	0	0	0
NM_002547	2	1	1
NR_051952	0	0	0
NM_001303277	0	0	0
NM_153252	1378	669	709
NM_000489	1	0	1
NM_138270	0	0	0
NM_000390	619	305	314
NM_001145414	40	22	18
NR_024062	0	0	0
NM_006729	47	29	18
NR_024608	6	4	2
NM_001085354	0	0	0
NM_198465	0	0	0
NM_024657	0	0	0
NM_017416	0	0	0
NM_001128172	0	0	0
NM_001128167	0	0	0
NM_017698	0	0	0
NM_001128166	0	0	0
NM_001128173	0	0	0
NM_032227	30	16	14
NM_002578	0	0	0
NM_001128168	0	0	0
NM_001004308	0	0	0
NR_110399	0	0	0
NM_001163279	0	0	0
NM_001081550	3431	1740	1691
NM_014253	0	0	0
NM_001163278	0	0	0
NM_001282607	0	0	0
NM_001306193	0	0	0
NM_021946	0	0	0
NM_144967	0	0	0
NM_194277	0	0	0
NM_001184772	4	4	0
NM_153834	0	0	0
NR_110381	0	0	0
NR_037183	0	0	0
NM_001169122	0	0	0
NM_002025	0	0	0
NM_001169123	0	0	0
NM_001169124	0	0	0
NM_001169125	0	0	0
NM_001170628	0	0	0
NR_027456	59	30	30
NM_006883	0	0	0
NM_001173474	0	0	0
NM_001173473	0	0	0
NM_004192	0	0	0
NM_145177	441	222	219
NM_175569	0	0	0
NM_001171135	22	8	14
NM_004729	0	0	0
NM_001171136	0	0	0
NR_003254	0	0	0
NM_001141920	0	0	0
NM_001141919	0	0	0
NM_001011719	0	0	0
NR_033380	15	8	7
NR_033381	9	3	6
NM_005044	2307	1160	1147
NR_038428	0	0	0
NM_020742	0	0	0
NM_001282145	0	0	0
NM_001282146	0	0	0
NM_181332	0	0	0
NM_001178135	5	2	3
NM_012080	0	0	0
NM_001178136	0	0	0
NM_001135565	1	0	1
NM_000216	1	1	0
NM_001649	2	1	1
NM_005647	4	3	1
NM_001139468	0	0	0
NM_001139467	0	0	0
NM_001139466	0	0	0
NM_001830	3	2	1
NM_015691	2128	1088	1040
NM_001256944	0	0	0
NM_013423	0	0	0
NM_001287242	0	0	0
NM_021109	181567	90181	91387
NM_003611	2117	1106	1013
NM_017856	6	2	4
NM_001001994	0	0	0
NM_001042480	0	0	0
NM_001042479	0	0	0
NM_020473	0	0	0
NM_002641	26	8	18
NM_021804	0	0	0
NM_003662	0	0	0
NM_001018109	0	0	0
NR_037859	0	0	0
NR_033836	0	0	0
NR_033835	0	0	0
NM_175859	23	11	12
NM_001144002	3	2	1
NM_019857	1	1	0
NM_001080975	0	0	0
NM_004726	0	0	0
NM_001291867	0	0	0
NM_198270	0	0	0
NM_001136024	0	0	0
NM_001291868	0	0	0
NM_153346	0	0	0
NM_001184767	0	0	0
NM_006240	0	0	0
NM_003159	0	0	0
NM_001037343	0	0	0
NM_152226	0	0	0
NM_152224	0	0	0
NR_033717	0	0	0
NM_006089	1	1	0
NR_133641	0	0	0
NM_001024666	4	3	1
NM_031892	640	329	311
NM_001079860	0	0	0
NM_001184836	0	0	0
NM_001184835	0	0	0
NM_001184834	0	0	0
NM_001184833	0	0	0
NM_001184960	0	0	0
NM_005756	0	0	0
NM_001079858	0	0	0
NM_001001671	9	116	141
NM_001079859	0	0	0
NM_001184837	0	0	0
NM_001168466	0	0	0
NM_001168465	3	2	1
NM_152780	0	0	0
NM_004586	2301	1142	1159
NM_001168467	0	0	0
NR_045617	0	0	0
NM_001168647	0	0	0
NM_001168649	0	0	0
NM_001168648	0	0	0
NM_014927	0	0	0
NM_014332	0	0	0
NM_000444	0	0	0
NM_001282754	0	0	0
NM_001033583	0	0	0
NM_024122	0	0	0
NM_030624	659	343	316
NM_001037171	3	2	1
NR_026545	0	0	0
NM_001142386	2618	1292	1326
NM_005391	6	5	1
NM_004845	0	0	0
NM_016937	2825	1363	1462
NM_001163265	0	0	0
NM_001163264	0	0	0
NM_203391	0	0	0
NM_004019	2	2	0
NM_004018	0	0	0
NM_001205019	0	0	0
NM_004017	0	0	0
NM_004016	0	0	0
NM_000167	0	0	0
NM_004015	0	0	0
NM_001128127	0	0	0
NM_001304548	0	0	0
NR_110412	0	0	0
NM_001173486	0	0	0
NM_001173490	0	0	0
NM_001173489	0	0	0
NM_001142395	0	0	0
NM_000950	0	0	0
NM_001170331	0	0	0
NM_198511	0	0	0
NM_000328	130	61	69
NM_004615	2	1	1
NM_000531	0	0	0
NM_138780	0	0	0
NM_001163335	0	0	0
NR_038968	0	0	0
NM_001123384	0	0	0
NM_001123383	0	0	0
NM_144970	1489	730	759
NM_001039590	0	0	0
NM_001126054	0	0	0
NM_001126055	0	0	0
NM_003688	5	3	2
NM_001039591	0	0	0
NM_000898	0	0	0
NM_025184	14	9	5
NM_001077445	0	1	0
NM_032591	0	0	0
NM_001190417	0	0	0
NM_001257291	0	0	0
NM_014735	0	0	0
NM_001039891	0	0	0
NM_001146291	0	0	0
NM_153380	0	0	0
NM_133499	0	0	0
NM_007137	315	138	177
NM_007130	0	0	0
NR_033924	0	0	0
NM_006950	0	0	0
NM_000084	0	0	0
NM_021123	0	0	0
NM_001475	0	0	0
NM_001282163	2	1	1
NM_001477	0	0	0
NM_001127199	0	0	0
NM_003886	0	0	0
NM_001098405	0	0	0
NM_001098408	0	0	0
NM_001474	0	0	0
NM_001098409	0	0	0
NM_001476	0	0	0
NM_001127899	0	0	0
NM_001127898	0	0	0
NM_001098410	0	0	0
NM_001272102	0	0	0
NM_001098418	0	0	0
NM_001127345	0	0	0
NM_020717	0	0	0
NR_110382	0	0	0
NM_001013742	0	0	0
NR_027121	0	0	0
NM_001146702	0	0	0
NM_004187	0	0	0
NM_001242492	0	0	0
NM_001242491	0	0	0
NM_001242490	0	0	0
NM_001242489	0	0	0
NM_001242495	0	0	0
NM_001242494	0	0	0
NM_014138	0	0	0
NM_001282622	0	0	0
NM_001242493	0	0	0
NM_001242497	0	0	0
NM_001242496	0	0	0
NM_001099684	0	0	0
NM_022117	947	465	482
NM_001184898	18	7	11
NM_031407	23421	11819	11602
NM_001184896	1	1	0
NM_001300788	0	0	0
NM_015107	0	0	0
NM_020922	0	0	0
NM_001184897	0	0	0
NM_001002838	0	0	0
NM_017848	7	1	6
NM_198510	0	0	0
NM_174912	51	28	23
NR_015367	739	365	374
NM_015185	6	5	1
NR_015353	477	233	244
NM_001173479	1	1	0
NM_001173480	0	0	0
NM_130388	2	1	1
NM_017677	63	30	33
NM_138737	0	0	0
NM_001282141	0	0	0
NM_014799	0	0	0
NM_001130860	0	0	0
NM_000044	0	0	0
NM_001011645	0	0	0
NM_014725	0	0	0
NM_001142503	0	0	0
NM_001399	0	0	0
NM_001005610	0	0	0
NM_001005609	0	0	0
NM_001005613	0	0	0
NM_001005612	0	0	0
NM_031276	0	0	0
NM_012310	1602	835	769
NM_001003811	0	0	0
NM_138923	0	0	0
NM_001286074	0	0	0
NM_001170747	5	2	3
NM_017669	723	368	355
NM_181672	0	0	0
NM_181673	0	0	0
NM_004606	0	0	0
NR_104394	0	0	0
NR_104387	0	0	0
NM_001013627	2	1	1
NR_104388	0	0	0
NR_104391	0	0	0
NR_104390	0	0	0
NR_104389	0	0	0
NR_104395	0	0	0
NR_104393	0	0	0
NR_104392	0	0	0
NM_001166419	0	0	0
NM_001172436	0	0	0
NM_002637	0	0	0
NM_001122670	0	0	0
NM_001166448	0	0	0
NR_028379	55	26	30
NR_024582	129	69	61
NR_029423	14	7	7
NM_001039840	0	0	0
NM_001300884	0	0	0
NR_003255	6	7120	7063
NM_001271699	0	0	0
NM_001271697	0	0	0
NM_001271696	0	0	0
NM_004299	0	0	0
NM_001271698	0	0	0
NM_001008537	149	69	80
NR_110406	0	0	0
NR_110404	0	0	0
NR_110403	0	0	0
NR_110402	0	0	0
NR_110401	0	0	0
NR_110400	0	0	0
NR_110405	0	0	0
NM_032121	2905	1439	1466
NM_000291	31830	16064	15767
NM_001282224	0	0	0
NM_000052	4	3	1
NR_104109	0	0	0
NM_001170574	0	0	0
NM_003022	4252	2109	2151
NM_030763	1182	566	624
NM_001177479	0	0	0
NM_001177478	0	0	0
NM_014496	89	44	45
NM_144657	0	0	0
NM_198450	973	543	516
NM_024921	0	0	0
NM_001307940	0	0	0
NM_053281	0	0	0
NM_001139514	0	0	0
NM_001139515	0	0	0
NM_057162	0	0	0
NM_019117	0	0	0
NM_007309	1	1	0
NM_020766	0	0	0
NM_001184880	0	0	0
NM_001105243	0	0	0
NR_028407	8	6	2
NM_212559	6	2	4
NM_032946	0	0	0
NM_001199818	13	8	5
NM_001099686	0	0	0
NM_022053	0	0	0
NR_028089	0	0	0
NM_001142425	0	0	0
NM_001142424	0	0	0
NM_001142423	0	0	0
NM_001142422	0	0	0
NM_012286	0	0	0
NM_001142426	0	0	0
NM_001142431	0	0	0
NM_001142430	0	0	0
NM_001142429	0	0	0
NM_001142428	0	0	0
NM_001142427	0	0	0
NM_001142421	0	0	0
NM_001142419	0	0	0
NM_001142420	0	0	0
NM_001142418	0	0	0
NM_001142432	0	0	0
NR_131236	0	0	0
NR_131237	0	0	0
NM_017752	70	36	34
NM_000354	0	0	0
NM_152423	0	0	0
NM_001171020	0	0	0
NM_198881	2	0	2
NM_173494	0	0	0
NM_012216	0	0	0
NM_001171080	417	213	204
NM_018301	140	63	77
NM_052817	0	0	0
NM_198057	9	4	5
NM_001169154	0	0	0
NM_000495	0	0	0
NM_033641	0	0	0
NM_033380	0	0	0
NM_001847	0	0	0
NM_001287758	0	0	0
NM_001287759	0	0	0
NM_001287760	0	0	0
NM_178270	0	0	0
NM_052936	6	3	3
NM_001522	1	1	0
NM_022977	28	11	17
NM_004458	0	0	0
NM_145234	0	0	0
NM_015365	0	0	0
NM_001143983	0	0	0
NM_001143982	0	0	0
NM_001143981	0	0	0
NM_001171689	0	0	0
NM_001025580	0	0	0
NM_178153	0	0	0
NM_178152	0	0	0
NM_178151	0	0	0
NM_012471	3	1	2
NM_001195553	0	0	0
NR_131204	0	0	0
NM_000868	0	0	0
NM_001243963	0	0	0
NM_001256761	0	0	0
NM_001256760	0	0	0
NM_020871	0	0	0
NM_001136025	0	0	0
NM_001282337	0	0	0
NM_005032	0	0	0
NM_001172335	0	0	0
NR_132337	0	0	0
NM_001282338	0	0	0
NM_001168302	0	0	0
NM_001184965	0	0	0
NM_001168303	0	0	0
NM_033495	0	0	0
NM_001168299	0	0	0
NM_001168301	0	0	0
NM_001168300	0	0	0
NM_001184966	0	0	0
NM_019045	0	0	0
NM_001289109	0	0	0
NM_145305	836	401	435
NM_144658	2204	1118	1086
NR_110311	0	0	0
NM_001560	20	10	10
NM_020721	0	0	0
NM_024778	0	0	0
NM_001031855	0	0	0
NM_015129	0	0	0
NM_145800	0	0	0
NM_024528	653	311	342
NM_013995	1275	633	642
NM_001122606	0	0	0
NM_145799	4190	1967	2223
NM_145802	0	0	0
NM_002294	95	43	52
NR_131238	5	2	3
NM_001080139	0	0	0
NM_001080142	0	0	0
NM_001080144	0	0	0
NM_001080145	0	0	0
NM_001080138	0	0	0
NM_173571	0	0	0
NM_001242922	0	0	0
NM_001080146	0	0	0
NM_001080141	0	0	0
NM_001080143	0	0	0
NM_001080137	0	0	0
NM_000828	0	0	0
NM_007325	0	0	0
NM_001204401	0	0	0
NM_001167	0	0	0
NR_037916	0	0	0
NM_006603	0	0	0
NM_001042751	0	0	0
NM_001042750	0	0	0
NM_001282418	0	0	3
NM_001042749	18	11	7
NM_003399	36	18	18
NM_001282875	0	0	0
NM_001282874	0	0	0
NM_003069	0	0	0
NR_132647	0	0	0
NM_001281736	0	0	0
NM_182314	0	0	0
NM_006375	0	0	0
NM_145812	0	0	0
NM_001130847	0	0	0
NM_004208	0	0	0
NR_026975	243	116	127
NM_018388	0	0	0
NM_001170701	0	0	0
NM_001170703	0	0	0
NM_001170702	0	0	0
NM_147175	0	0	0
NR_110410	33	15	20
NM_001170704	8	4	4
NM_001077188	0	0	0
NM_133486	2	1	1
NM_004484	0	0	0
NM_001164619	0	0	0
NM_001164618	0	0	0
NM_001164617	0	0	0
NM_000194	2878	1459	1419
NM_021796	0	0	0
NM_001316889	0	0	0
NM_001316888	0	0	0
NM_001316887	0	0	0
NM_001449	0	0	0
NM_001167819	0	0	0
NR_104652	0	0	0
NM_001159704	0	0	0
NM_001159703	0	0	0
NM_001159702	0	0	0
NM_182540	1001	481	521
NM_001159700	0	0	0
NR_027621	0	0	0
NM_004840	48	22	26
NM_001306177	4	1	3
NM_004114	0	0	0
NM_033642	0	0	0
NM_001139498	0	0	0
NM_001139502	0	0	0
NM_001139501	0	0	0
NM_001139500	0	0	0
NM_005369	0	0	0
NM_001171879	0	0	0
NM_001099855	0	0	0
NM_001171876	0	0	0
NM_001171878	0	0	0
NM_001171877	0	0	0
NR_104228	0	0	0
NM_134446	0	0	0
NM_134445	0	0	0
NM_001306145	7	6	1
NM_005491	0	0	0
NM_001177466	0	0	0
NM_001177465	0	0	0
NM_001184808	0	0	0
NM_031462	0	0	0
NM_000252	235	119	116
NM_001306144	846	396	450
NM_001242614	0	0	0
NM_003828	1	0	1
NM_173493	0	0	0
NM_001178106	0	0	0
NM_000808	0	0	0
NM_004344	615	309	306
NM_007150	0	0	0
NM_001178113	0	0	0
NM_001178108	0	0	0
NM_001178107	0	0	0
NM_001178115	0	0	0
NM_001178110	0	0	0
NM_001178109	0	0	0
NM_005362	0	0	0
NM_001278116	0	0	0
NR_073156	10	2	8
NM_001303620	0	0	0
NM_001586	0	0	0
NM_002436	0	0	0
NM_006730	18	7	11
NM_000513	0	0	0
NM_001205201	0	0	0
NM_000402	3	3	0
NM_000132	21	15	9
NM_001166462	0	0	0
NM_001166461	0	0	0
NM_001166460	0	0	0
NM_001042351	0	5	2
NM_001009934	0	0	0
NM_001009932	9	6	5
NM_001009933	0	0	0
NM_001304990	2	1	1
NM_001184797	0	0	0
NM_018196	13	6	8
NM_001289	503	260	243
NM_012227	1701	800	901
NM_018390	1536	791	745
NM_013239	240	119	121
NR_028057	0	0	0
NR_027231	0	0	0
NR_027232	2	1	1
NM_000451	0	0	0
NM_172246	0	0	0
NM_172245	0	0	0
NM_006140	0	0	0
NM_001161529	0	0	0
NM_001161530	0	0	0
NM_001161532	0	0	0
NM_001161531	0	0	0
NR_110830	0	0	0
NM_172249	0	0	0
NR_037461	0	0	0
NM_001012288	0	0	0
NR_027760	0	0	0
NM_172247	0	0	0
NM_022148	0	0	0
NR_026711	50	30	20
NM_002183	15	8	7
NM_001267713	0	0	0
NR_026710	15	4	11
NR_130733	40	26	14
NM_001636	20581	10197	10389
NM_178129	3678	1786	1892
NR_027383	41	24	17
NM_004043	0	0	0
NM_001171039	0	0	0
NM_001171038	0	0	0
NM_005088	0	0	0
NR_037842	5	2	3
NR_106737	0	0	0
NM_002414	0	0	0
NM_001122898	0	0	0
NM_001277710	1	1	0
NM_003918	0	0	0
NM_001079855	0	0	0
NM_001184702	0	0	0
NM_001184704	0	0	0
NM_001184703	0	0	0
NM_001282631	0	0	0
NM_001282628	0	0	0
NM_001669	282	141	141
NM_000047	0	0	0
NM_004042	0	0	0
NM_001201539	0	0	0
NM_001201538	0	0	0
NM_015419	0	0	0
NR_046643	4	2	2
NR_034031	392	177	215
NR_110390	0	0	0
NR_039927	0	0	0
NM_016379	0	0	0
NR_039924	7	11	8
NM_013452	2	1	1
NM_004650	1	0	1
NM_001172672	0	0	0
NM_001142389	0	0	0
NM_016378	0	0	0
NR_030380	0	0	0
NM_001001888	1	0	1
NM_174951	0	0	0
NM_001171186	0	0	0
NM_205849	0	0	0
NM_000273	1	1	0
NM_001195081	0	0	0
NM_001193281	0	0	0
NM_001171991	0	0	0
NM_001122608	0	0	0
NM_005333	0	0	0
NR_049865	0	0	0
NM_182681	0	0	0
NM_182680	1	0	1
NM_001142	0	0	0
NM_078629	0	0	0
NM_078628	1008	486	522
NM_001282174	0	0	0
NM_001193270	3	1	2
NM_006800	4	0	4
NM_002765	0	0	0
NM_001039091	0	0	0
NM_016610	0	0	0
NM_016562	2454	1252	1202
NM_138636	0	0	0
NR_030727	1	2	0
NM_174901	2	2	0
NR_045260	0	0	0
NR_046087	0	0	0
NM_001135995	0	0	0
NR_106734	0	0	0
NM_004251	3	1	2
NM_001011658	0	0	0
NM_001128835	0	0	0
NM_001195328	0	0	0
NM_014563	0	0	0
NM_152634	1	0	1
NM_001297564	0	0	0
NM_001297563	3	0	3
NM_001001996	0	0	0
NM_005278	0	0	0
NM_001001995	71	31	40
NR_110506	208	94	114
NM_001177475	0	0	0
NM_152581	9	1	8
NM_001018113	1	1	0
NM_152633	0	0	0
NM_001031739	0	0	0
NM_080873	0	0	0
NM_001201583	0	0	0
NM_024087	0	0	0
NM_001168531	0	0	0
NM_001168530	0	0	0
NM_001012428	0	0	0
NM_004469	0	0	0
NM_001721	0	0	0
NM_203281	0	0	0
NM_020665	5	1	4
NR_026551	249	127	122
NR_126564	0	0	0
NM_001272071	7	2	5
NM_005089	906	458	451
NR_002725	0	17	17
NM_003916	0	0	0
NM_007220	106	71	69
NM_005314	52	24	28
NM_001277307	2	1	1
NR_039762	0	0	0
NM_004057	0	0	0
NM_032796	0	0	0
NR_033181	0	0	0
NM_018360	72	41	31
NM_001198719	3	2	1
NM_002893	340	181	159
NM_001168683	0	0	0
NR_039925	0	0	0
NR_046632	0	0	0
NM_001037535	0	0	0
NM_006746	0	0	0
NM_001037536	0	0	0
NM_001037540	12	6	6
NM_000330	0	0	0
NR_046642	0	0	0
NR_029379	13	105	108
NM_000292	895	544	551
NM_000284	0	0	0
NM_001173454	0	0	0
NM_001173456	0	0	0
NM_001173455	0	0	0
NR_037414	0	0	0
NR_024440	1	1	0
NR_023358	6	3	3
NM_001412	5387	2643	2744
NR_046592	3	2	1
NM_153270	6	4	2
NM_206923	86	43	43
NM_015884	595	297	298
NM_001258423	0	0	0
NM_004595	53	32	21
NR_046639	0	0	0
NM_152577	0	0	0
NM_182699	0	0	0
NM_173495	0	0	0
NM_006406	1227	619	608
NM_002970	0	0	0
NR_027783	78	46	32
NM_152761	0	0	0
NM_001169574	0	0	0
NM_001415	14478	7321	7157
NM_003410	0	0	0
NM_001178085	2	1	1
NM_001178084	0	0	0
NM_001178095	0	0	0
NM_001178086	0	0	0
NR_046657	4	5	0
NM_001136234	0	0	0
NM_001136233	0	0	0
NR_003007	2	1	1
NR_046638	0	0	0
NM_139058	1	1	0
NM_173523	0	0	0
NM_173699	0	0	0
NM_001271752	0	0	0
NR_001559	0	0	0
NR_002784	1	1	0
NM_001136533	0	0	0
NM_182506	0	0	0
NM_001017930	0	0	0
NR_106750	0	0	0
NR_049877	0	0	0
NM_002364	0	0	0
NM_002363	0	0	0
NM_177415	0	0	0
NM_177404	0	0	0
NM_002365	0	0	0
NM_002367	0	0	0
NM_000475	0	0	0
NM_025159	2069	1020	1049
NM_152787	1345	653	692
NM_031894	0	0	0
NR_037478	0	0	0
NR_031646	0	0	0
NM_203408	0	0	0
NM_031442	0	0	0
NM_152631	0	0	0
NM_001099921	0	0	0
NM_152632	0	0	0
NM_001271682	0	0	0
NM_001013736	0	0	0
NM_021083	1	0	1
NM_000397	4019	1996	2023
NM_006520	487	255	232
NM_012274	0	0	0
NR_039674	0	0	0
NM_001163334	0	0	0
NM_001170752	0	0	0
NM_001170751	0	0	0
NM_001170750	0	0	0
NM_006307	0	0	0
NM_001034853	11	3	8
NM_021242	196	110	128
NM_001098791	0	0	0
NM_001098790	0	0	0
NR_046706	25	49	30
NR_110385	0	0	0
NR_037501	0	0	0
NR_039763	0	0	0
NM_017745	0	0	0
NM_001123385	0	0	0
NR_110386	0	0	0
NM_005765	1931	964	967
NM_001195522	0	0	0
NM_004229	4256	2172	2126
NM_001289773	25	38	29
NR_027761	6	3	3
NM_001356	0	0	0
NR_106988	0	0	0
NM_001193417	0	0	0
NM_001193416	0	0	0
NR_126094	67	29	38
NR_126093	0	0	0
NM_022567	0	0	0
NM_005300	0	0	0
NM_001097579	0	0	0
NM_080817	62	29	33
NR_002191	0	0	0
NR_110387	3	1	2
NM_001270458	0	0	0
NM_000240	0	0	0
NM_000266	0	0	0
NM_173794	445	241	204
NM_022076	0	0	0
NM_024689	0	0	0
NM_176819	0	0	0
NR_104644	0	0	0
NR_104645	0	0	0
NR_102268	0	0	0
NR_029636	1	0	1
NR_125365	0	0	0
NR_029635	18	7	11
NR_110388	0	0	0
NM_001129900	0	0	0
NM_017776	0	0	0
NM_001129899	0	0	0
NM_001129898	0	0	0
NR_015378	98	49	49
NM_019886	363	177	186
NM_006915	466	225	241
NR_046101	1	0	2
NM_001282849	0	0	0
NM_001282848	0	0	0
NM_152869	0	0	0
NM_001135998	0	0	0
NM_019056	1	0	1
NM_004683	0	0	0
NM_003334	60	28	32
NM_004651	2433	1196	1237
NM_033018	24	13	11
NM_001170460	5	1	4
NR_024616	48	23	25
NM_006201	102	44	58
NM_153280	4	1	3
NM_003446	2	1	1
NR_003710	0	0	0
NM_001256197	17	6	11
NM_001654	0	0	0
NM_001256196	0	0	0
NR_126059	91	55	49
NM_001145252	0	0	0
NM_004182	0	0	0
NM_001114123	0	0	0
NM_003254	1535	769	766
NM_153477	0	0	0
NR_045559	0	0	0
NR_045560	8	4	4
NR_039926	0	0	0
NM_002621	4	3	1
NM_001257168	0	0	0
NR_028119	3	316	333
NM_005229	0	0	0
NM_001037735	1	1	0
NM_001282202	0	0	0
NM_001282201	0	0	0
NM_001079900	0	0	0
NM_001190255	0	0	0
NM_006962	0	0	0
NM_001178099	0	0	0
NM_205856	0	0	0
NR_046742	1	1	0
NM_001007088	0	0	0
NR_028366	0	0	0
NM_175723	0	0	0
NM_021015	0	0	0
NM_005635	0	0	0
NR_073393	0	0	0
NM_001278691	0	0	0
NM_021014	0	0	0
NM_012280	0	0	0
NM_005636	0	0	0
NM_177439	2	1	1
NM_175729	0	0	0
NM_001282157	0	0	0
NM_033518	1995	1006	989
NM_001040612	0	0	0
NM_001034832	0	0	0
NM_002536	636	331	305
NR_029427	0	0	0
NM_001282167	14	6	8
NM_006579	1470	723	747
NM_017883	0	0	0
NM_006743	8011	3973	4038
NM_001166426	49	32	17
NM_022825	0	0	0
NM_203473	0	0	0
NM_203474	0	0	0
NM_203475	0	0	0
NM_001282166	0	0	0
NM_003173	2	1	1
NM_000377	3134	1520	1614
NM_006044	1748	850	898
NM_013271	2	1	1
NM_181532	0	0	0
NM_001080489	0	0	0
NM_002049	2	0	2
NM_001167992	0	0	0
NM_001167989	0	0	0
NM_001167990	0	0	0
NM_144495	0	0	0
NM_005710	1	0	1
NM_005834	0	0	0
NM_001167947	5	0	5
NM_001136159	29	14	15
NM_001136158	0	0	0
NM_001042498	0	0	0
NM_004979	50	23	27
NM_001136157	0	0	0
NM_001282650	0	0	0
NM_001282649	0	0	0
NM_001282648	0	0	0
NM_001282647	0	0	0
NM_001032382	0	0	0
NM_001032384	0	0	0
NM_001032383	0	0	0
NM_001282651	0	0	0
NM_006875	3587	1719	1868
NM_005660	0	0	0
NM_001032289	0	0	0
NM_017602	0	0	0
NM_001032381	0	0	0
NM_020137	2052	1018	1034
NM_007075	1	1	0
NM_001163322	0	0	0
NM_001163321	0	0	0
NM_001029896	3	0	3
NM_001282142	0	0	0
NM_006521	1	1	0
NM_007213	317	170	147
NM_015698	773	388	385
NM_001163323	0	0	0
NM_001271836	6	1	5
NM_001271835	0	0	0
NM_033626	0	0	0
NM_003179	20	8	12
NM_001114377	0	0	0
NM_001256790	0	0	0
NM_001256789	0	0	0
NM_001307979	1	1	0
NM_006150	1	0	1
NM_002668	1546	1060	1177
NM_024859	2	1	1
NM_005183	0	0	0
NM_001099682	0	0	0
NM_014008	779	385	420
NM_014009	0	0	0
NM_001099681	0	0	0
NR_046649	0	0	0
NM_001127200	0	0	0
NM_012196	0	0	0
NM_001098406	0	0	0
NM_001098413	0	0	0
NM_001098407	0	0	0
NM_001098412	0	0	0
NR_102272	0	0	0
NM_001098411	0	0	0
NM_001040663	0	0	0
NM_001472	0	0	0
NM_001127212	0	0	0
NM_003785	0	0	0
NR_026742	26	16	10
NM_007003	0	0	0
NM_001145073	86	38	48
NR_029708	0	0	0
NR_030241	0	0	0
NR_030226	0	0	0
NR_030225	0	0	0
NR_030224	0	0	0
NR_036257	0	0	0
NR_029850	0	0	0
NR_030397	0	0	0
NM_139289	0	0	0
NM_005448	0	0	0
NM_153183	0	0	0
NM_001304963	0	0	0
NM_203407	0	0	0
NR_110654	0	0	0
NM_018159	0	0	0
NM_018094	576	282	294
NR_033773	0	0	0
NR_033772	0	0	0
NM_006986	0	0	0
NM_001005333	0	0	0
NM_001005332	0	0	0
NM_001242362	0	0	0
NM_177537	0	0	0
NM_177535	0	0	0
NM_001272062	0	0	0
NR_003711	0	0	0
NR_102368	0	0	0
NM_001272063	0	0	0
NM_001272061	0	0	0
NM_030801	0	0	0
NM_001098800	0	0	0
NR_107055	0	0	0
NM_130777	0	0	0
NM_001097594	0	0	0
NR_033254	0	0	0
NM_001097605	0	0	0
NM_001097604	0	0	0
NR_033257	0	0	0
NM_001097596	0	0	0
NM_173358	0	0	0
NR_027250	0	0	0
NM_001164417	0	0	0
NM_001009616	0	0	0
NM_001278697	0	0	0
NM_175698	0	0	0
NM_130775	0	0	0
NM_003147	0	0	0
NM_001278702	0	0	0
NM_001278701	0	0	0
NM_133179	0	0	0
NM_130776	0	0	0
NM_018969	2	2	0
NR_106955	0	0	0
NR_106954	0	0	0
NR_110456	69	38	31
NM_001243197	1	1	0
NM_001111125	0	0	0
NM_015075	0	0	0
NM_001031745	0	0	0
NM_006306	0	0	0
NM_004493	1	1	0
NR_106916	0	0	0
NM_001281463	6	3	3
NM_001267053	0	0	0
NM_144968	1	1	0
NM_001037811	0	0	0
NR_029484	0	0	0
NR_029513	3	2	1
NM_198456	37	14	23
NM_058163	1219	587	637
NM_004463	79	41	43
NM_001184819	0	0	0
NM_019067	0	0	0
NM_014599	0	0	0
NM_177433	0	0	0
NR_002953	3	1	2
NM_201222	2	2	0
NM_001039705	0	0	0
NM_001037967	0	0	0
NM_000032	0	0	0
NM_016157	0	0	0
NM_001037968	0	0	0
NM_001271183	0	0	0
NM_001271805	1	1	0
NM_001271804	0	0	0
NM_001271184	1	1	0
NM_002625	0	0	0
NR_073149	0	0	0
NR_073148	0	0	0
NR_073450	0	0	0
NM_001271748	0	0	0
NM_014481	15	9	6
NM_177557	0	0	0
NM_177556	0	0	0
NM_001166700	0	0	0
NM_001166704	0	0	0
NM_001166703	0	0	0
NM_207339	0	0	0
NR_030722	0	0	0
NM_001166699	0	0	0
NM_001166702	0	0	0
NM_001166701	0	0	0
NM_001015038	0	0	0
NM_138362	0	0	0
NM_001171252	0	0	0
NM_001017931	0	0	0
NM_001303613	0	0	0
NM_001190708	1	0	1
NM_001013435	0	0	0
NM_130467	0	0	0
NR_130179	0	0	0
NR_132964	0	0	0
NM_201286	152	80	72
NM_014061	428	209	219
NR_130469	0	0	0
NR_039764	0	0	0
NM_198451	0	0	0
NM_016656	7	3	4
NM_006064	0	0	0
NM_001159296	0	0	0
NM_007250	8	3	5
NM_013444	2044	1035	1009
NR_002308	51	23	28
NM_001010862	430	219	211
NR_027139	62	37	25
NM_001006683	0	0	0
NM_001006682	0	0	0
NM_001006681	0	0	0
NM_001282462	0	0	0
NM_001282461	0	0	0
NM_019003	5	3	2
NM_007157	356	190	166
NM_007156	142	66	76
NM_001012968	672	334	338
NR_046803	0	0	0
NR_031567	0	0	0
NM_152424	842	453	389
NM_001178033	0	0	0
NR_045044	0	0	0
NM_018684	0	0	0
NM_001170649	0	0	0
NM_001170650	0	0	0
NM_031206	3	2	1
NM_001010888	34	24	11
NR_033742	3	1	2
NM_002444	33375	16709	16667
NM_001100431	0	0	0
NM_001184830	0	0	0
NM_001257403	0	0	0
NR_029637	8	1	7
NM_001184831	0	0	0
NM_007268	0	0	0
NM_021783	0	0	0
NM_001199687	0	0	0
NM_001242310	13	8	5
NM_001195214	0	0	0
NM_173834	2	0	2
NM_001142504	0	0	0
NM_004429	45	28	17
NM_145119	0	0	0
NM_022368	0	0	0
NM_001032396	0	0	0
NM_015686	0	0	0
NR_037494	0	0	0
NM_001002254	0	0	0
NM_207320	0	0	0
NM_001551	1758	844	914
NM_198512	12	9	3
NM_001013579	1	1	0
NM_016484	828	402	429
NM_002565	4	1	3
NM_004312	25	13	12
NM_001032726	6	2	4
NR_046586	1	1	0
NM_020730	2	0	2
NM_001171193	0	0	0
NM_001171192	0	0	0
NM_001171191	0	0	0
NM_017711	0	0	0
NR_109801	0	2	5
NM_001166278	4	3	2
NM_021120	0	0	0
NM_032803	0	0	0
NM_001048164	0	0	0
NM_013346	0	0	0
NM_000206	7090	3518	3573
NM_001256188	0	0	0
NM_001256187	0	0	0
NM_001170931	0	0	0
NM_181303	0	0	0
NM_001166660	0	0	0
NM_005938	2	1	1
NM_001256186	0	0	0
NM_001256185	0	0	0
NM_005120	2815	1458	1358
NM_001025265	3	2	1
NR_033212	0	0	0
NM_018977	0	0	0
NM_001145410	0	0	0
NM_201599	1	1	0
NM_005096	0	0	0
NM_001145408	0	0	0
NM_001171163	4	4	0
NM_001171162	7	4	3
NM_007363	0	0	0
NM_000166	0	0	0
NM_001145409	0	0	0
NM_001097642	0	0	0
NR_104396	0	2	2
NR_002226	0	2	2
NM_052957	77	37	40
NM_001142797	3	1	2
NM_001504	0	0	0
NR_034004	0	0	0
NM_001145139	0	0	0
NM_001145140	0	0	0
NR_034005	0	0	0
NR_002309	6	3	3
NM_006223	0	0	0
NM_207422	124	70	54
NR_033187	0	0	0
NM_001024455	30	10	20
NM_001144886	0	0	0
NM_001144885	0	0	0
NM_004143	0	0	0
NM_001007	53881	27023	26858
NM_001144887	0	0	0
NM_001166420	0	0	0
NM_001166422	0	0	0
NR_110391	1	0	1
NM_033053	0	0	0
NM_001080851	0	0	0
NR_034116	0	0	0
NR_120493	0	0	0
NR_120494	0	0	0
NR_026595	0	0	0
NR_120499	0	0	0
NR_026594	0	0	0
NR_110398	0	0	0
NM_001042506	0	0	0
NR_027291	0	0	0
NM_001012977	0	0	0
NM_021963	45	25	20
NM_005193	0	0	0
NR_001564	8534	11388	11323
NR_030398	7	4	3
NR_037511	0	5	1
NR_030258	0	0	0
NM_203303	0	0	0
NR_030620	0	0	3
NR_030785	0	0	0
NM_016120	0	0	0
NM_183353	0	0	0
NM_145052	0	0	0
NR_030774	0	0	0
NM_001307944	0	0	0
NR_030737	41	23	18
NM_138703	0	0	0
NM_001300888	3	3	0
NM_016500	2	2	0
NM_020932	105	55	50
NR_029909	0	0	0
NR_029905	0	0	0
NM_003868	0	0	0
NM_001866	3307	1649	1659
NM_001029891	2544	1232	1312
NM_015975	1019	498	522
NM_001282188	0	0	0
NM_001282187	0	0	0
NM_001282186	0	0	0
NM_006639	0	0	0
NM_005296	1	1	0
NM_152694	4	3	1
NM_001278000	0	0	0
NR_036258	0	0	0
NM_014499	17	7	10
NM_198333	0	0	0
NM_032553	400	193	207
NM_001171581	0	0	0
NM_004867	2	2	0
NM_001303475	0	0	0
NM_001109879	0	0	0
NM_001109878	0	0	0
NM_016954	0	0	0
NR_110646	0	0	0
NM_152630	0	0	0
NM_000307	0	0	0
NR_031690	0	0	0
NM_001012980	0	45	41
NR_110651	0	0	0
NM_021998	79	37	42
NR_031710	0	0	0
NR_029848	0	0	0
NM_033048	0	0	0
NM_001184771	0	0	0
NM_138960	0	0	0
NR_110659	0	0	0
NM_080832	0	0	0
NR_039659	0	0	0
NM_001171109	0	0	0
NM_173698	0	0	0
NM_004538	7	3	4
NM_001171111	0	0	0
NM_001171110	0	0	0
NR_031667	0	0	0
NR_003539	0	0	0
NM_013347	8	2	6
NR_125391	0	0	0
NM_001278743	0	0	0
NM_001278742	0	0	0
NM_001278741	0	0	0
NM_001278740	3	2	1
NM_003270	0	0	0
NM_022144	0	0	0
NM_001129896	0	0	0
NM_001174068	0	0	0
NM_080737	0	0	0
NM_007052	0	0	0
NM_013955	0	0	0
NM_001271815	0	0	0
NM_001325	0	0	0
NM_001306206	1	0	1
NM_001306209	0	0	0
NM_001167970	0	0	0
NR_103709	0	0	0
NR_103708	0	0	0
NM_001167971	0	0	0
NM_001162491	0	0	0
NM_001167972	0	0	0
NM_024917	10	4	6
NM_021637	0	0	0
NM_006733	658	335	323
NM_001171184	0	0	0
NM_001168474	0	0	0
NM_001939	0	0	0
NM_024885	0	0	0
NM_001032393	0	0	0
NM_000061	0	0	0
NM_001287344	3	1	2
NM_001287345	1	1	0
NM_000169	437	221	216
NM_004085	289	136	153
NM_021029	14	5	9
NM_001145951	19	8	11
NM_001199974	0	0	0
NM_001199973	0	0	0
NM_001199972	273	143	130
NM_019597	0	0	0
NM_001256155	73	38	35
NM_016608	68	41	27
NR_045862	0	0	0
NR_045864	0	0	0
NR_045863	0	0	0
NR_045861	0	0	0
NM_177947	0	0	0
NM_177948	5	2	3
NM_177949	0	0	0
NM_016607	0	0	0
NM_001184768	0	0	0
NM_014782	0	0	0
NM_001282231	0	0	0
NM_019007	0	0	0
NR_033669	0	0	0
NR_033670	0	0	0
NM_001009584	0	0	0
NM_001011657	0	0	0
NM_001282401	0	0	0
NM_001282400	4	2	2
NM_080390	8	5	3
NM_001159560	0	0	0
NM_001277423	0	0	0
NM_001012978	0	0	0
NM_001006938	0	0	0
NM_022838	0	0	0
NM_001168485	0	0	0
NM_001168482	0	0	0
NM_001168480	0	0	0
NM_001168479	0	0	0
NM_001168478	0	0	0
NM_021992	0	0	0
NR_002216	0	0	0
NM_001099411	0	0	0
NM_001099410	0	0	0
NM_001184727	0	0	0
NM_138437	0	0	0
NM_001142527	0	0	0
NM_030639	0	0	0
NM_001142530	0	0	0
NM_001142525	0	0	0
NM_001142524	0	0	0
NM_014710	0	0	0
NM_001184876	0	0	0
NM_001184875	0	0	0
NM_001184874	0	0	0
NM_001142529	0	0	0
NM_001142528	0	0	0
NM_001142526	0	0	0
NM_001004051	0	0	0
NR_038988	55	29	26
NM_001031834	3	3	0
NM_018476	0	0	0
NM_022052	0	0	0
NM_153333	0	0	0
NM_001127688	0	0	0
NM_001080425	0	0	0
NM_001012979	0	0	0
NM_001006684	0	0	0
NM_001168401	0	0	0
NM_001282674	0	0	0
NM_016303	0	0	0
NM_001168399	0	0	0
NM_152278	0	0	0
NM_032621	0	0	0
NM_001006614	0	0	0
NM_001006613	0	0	0
NM_001006612	0	0	0
NM_001168400	0	0	0
NM_014380	0	0	0
NM_206917	0	0	0
NM_206915	0	0	0
NM_080879	18	9	9
NM_004780	1	0	1
NM_032926	0	0	0
NM_001006937	0	0	0
NM_001006935	0	0	0
NM_001305842	0	0	0
NM_001305841	0	0	0
NM_024863	0	0	0
NM_001305840	5	4	1
NM_001006640	0	0	0
NM_001006639	0	0	0
NM_001006933	0	0	0
NM_001300901	1	1	0
NM_001305004	0	0	0
NM_182541	2	1	1
NM_001128834	1	1	0
NM_199478	0	0	0
NM_000533	0	0	0
NM_001172285	0	0	0
NM_001024452	0	0	0
NR_038978	45	35	46
NM_016370	73	44	29
NR_003238	0	0	0
NM_001164416	0	0	0
NM_194324	1	0	1
NR_130172	0	0	0
NM_001002916	0	0	0
NR_026694	0	0	0
NM_001143978	11	7	4
NR_039980	112	51	61
NM_207318	1225	624	601
NM_001012755	366	185	181
NM_153448	0	0	0
NM_031274	0	0	0
NM_001291277	0	0	0
NR_039765	4	3	1
NM_018015	11	5	6
NM_001184782	0	0	0
NM_024539	0	0	0
NM_194463	0	0	0
NM_020384	0	0	0
NM_138382	0	0	0
NM_001171706	0	0	0
NM_001171095	0	0	0
NM_001171092	0	0	0
NR_033676	0	0	0
NM_017681	0	0	0
NM_032428	1	1	0
NR_046750	0	0	0
NM_002764	279	138	141
NM_001204402	0	0	0
NM_004089	158	76	82
NM_001015881	4	2	2
NR_110395	0	0	0
NM_031273	0	0	0
NM_182607	0	0	0
NM_002814	1	0	1
NM_170750	0	0	0
NM_001170553	0	0	0
NR_110652	0	0	0
NM_003604	2	1	1
NR_106735	27	21	6
NM_018698	0	0	0
NM_001242618	2	2	0
NM_001242617	0	0	0
NM_012282	9	4	5
NR_030381	0	0	0
NR_039774	0	0	0
NR_004379	0	0	0
NM_020769	2	1	1
NR_002718	0	0	0
NM_014289	0	0	0
NM_000555	0	0	0
NR_033974	1	0	1
NM_001039210	0	0	0
NM_001257230	0	0	0
NR_033125	0	0	0
NM_001257241	0	0	0
NM_001257239	0	0	0
NM_001257240	0	0	0
NM_001257237	0	0	0
NM_001257235	0	0	0
NM_001257234	0	0	0
NM_001257231	0	0	0
NM_001099922	0	0	0
NM_018466	0	0	0
NM_001168385	0	0	0
NM_001195578	0	0	0
NM_001195577	0	0	0
NM_001195576	0	0	0
NM_178175	68	41	27
NR_036255	0	0	0
NM_001113490	25	13	12
NM_133265	16	5	11
NR_031733	0	0	0
NR_031581	0	0	0
NR_031563	0	0	0
NR_002993	0	0	0
NR_031732	0	0	0
NR_031578	0	0	0
NR_029955	0	0	0
NM_000640	0	0	0
NM_001145346	0	0	0
NM_016383	0	0	0
NR_110384	0	0	0
NR_110383	0	0	0
NR_130730	1	1	0
NM_000686	0	0	0
NM_007231	0	0	0
NM_001017978	0	0	0
NR_031685	0	0	0
NM_173798	0	0	0
NM_001312891	0	0	0
NR_110393	0	0	0
NM_006667	1	1	0
NM_001282621	0	0	0
NR_110396	0	0	0
NM_001152	9470	5813	5942
NR_028443	51	1219	1117
NM_017544	0	0	0
NM_001282161	0	0	0
NR_030413	1	1	0
NM_181762	0	0	0
NM_001173488	10	4	6
NM_001173487	0	0	0
NM_003336	0	0	0
NM_001170570	0	0	0
NM_001170569	0	0	0
NM_022101	0	0	0
NM_001000	4088	2160	1928
NM_001105576	30	13	17
NR_002584	6	2	4
NM_006978	778	399	394
NM_001008534	0	0	0
NM_023010	0	0	0
NM_004541	1524	782	757
NM_001008535	0	0	0
NM_080632	1	0	1
NM_178813	0	0	0
NR_131250	0	0	0
NM_001099685	0	0	0
NM_139282	3	1	2
NR_126557	0	0	0
NM_032498	0	0	0
NM_001184742	1	1	0
NM_017938	0	0	0
NM_006777	0	0	0
NM_001104545	0	0	0
NM_001104544	0	0	0
NR_027131	81	45	36
NM_012069	0	0	0
NM_001142447	0	0	0
NM_001079872	67	32	35
NM_003588	2	1	1
NM_014060	39	15	24
NM_001137554	1	0	1
NM_001011551	0	0	0
NM_152692	3	1	2
NM_001080140	0	0	0
NM_001145718	0	0	0
NM_012084	163	86	77
NR_037444	0	0	0
NM_001256743	0	0	0
NR_130770	4	7	2
NM_002351	0	0	0
NM_001114937	0	0	0
NM_001195272	0	0	0
NR_110409	0	0	0
NM_001013628	0	0	0
NM_178470	0	0	0
NM_001122716	1	1	0
NM_138289	0	0	0
NM_001587	0	0	0
NM_000276	1	1	0
NM_017413	45	21	24
NM_016032	5	4	1
NM_001008222	0	0	0
NM_018990	9087	4562	4525
NM_001166221	0	0	0
NM_006649	5	3	2
NM_001130846	0	0	0
NM_001421	4	3	1
NM_001127197	5	2	3
NM_017666	351	193	158
NM_004794	486	235	251
NM_001282198	0	0	0
NM_178471	0	0	0
NM_001282197	2	2	0
NM_001282196	0	0	0
NM_001282195	0	0	0
NR_104107	0	0	0
NM_016024	788	381	407
NR_027141	324	157	167
NR_126350	0	0	0
NM_001170961	0	0	0
NM_001555	0	0	0
NM_001170963	0	0	0
NM_001170962	0	0	0
NM_205833	0	0	0
NM_001004486	0	0	0
NM_016542	0	0	0
NM_001042453	0	0	0
NM_001042452	0	0	0
NM_001271187	0	0	0
NM_001271186	0	0	0
NR_073150	0	0	0
NM_021183	0	0	0
NR_046691	0	0	0
NM_031907	0	0	0
NM_016521	0	0	0
NM_001448	634	306	328
NR_029491	0	0	0
NR_029852	0	0	0
NR_029950	0	0	0
NR_029949	0	0	0
NR_029523	0	0	0
NR_029509	0	0	0
NM_001101357	0	0	0
NM_032458	11	8	3
NM_001015877	0	0	0
NM_032335	1	0	1
NR_029946	0	0	0
NR_029962	0	0	0
NR_030228	1	1	0
NR_030227	0	0	0
NR_030587	0	0	0
NR_030399	0	0	0
NR_038998	0	0	0
NR_024607	6	1	5
NM_138819	1	1	0
NM_001170784	0	0	0
NM_001170783	0	0	0
NM_001170782	0	0	0
NM_001170781	21	9	12
NM_001170780	2	162	114
NM_001170779	0	0	0
NM_001170757	0	0	0
NM_001170756	0	0	0
NM_001166599	180	187	226
NM_145284	0	0	0
NM_001166600	0	0	0
NM_001163438	6	3	3
NM_001306188	0	0	0
NM_019556	0	0	0
NM_001078171	534	257	277
NM_001134321	0	0	0
NR_033941	0	0	0
NM_001078173	1	0	1
NM_001078172	46	15	31
NR_103770	0	0	0
NR_024493	1	0	1
NM_017863	0	0	0
NM_001031705	0	0	0
NM_152695	118	63	55
NM_001185063	0	0	0
NM_007131	73	34	39
NR_046740	0	1	0
NR_024359	2	1	1
NM_001017435	0	0	0
NM_001172288	0	0	0
NM_001291543	0	0	0
NM_001007551	0	0	0
NM_001017438	0	0	0
NM_001017417	0	0	0
NM_001017436	0	0	0
NM_001291530	0	0	0
NM_001291535	0	0	0
NM_018666	0	0	0
NM_152582	0	0	0
NM_001291529	0	0	0
NM_001291528	0	0	0
NM_001291527	0	0	0
NM_001291540	0	0	0
NM_173470	994	492	502
NM_001177651	0	0	0
NM_001042537	0	0	0
NM_006359	0	0	0
NM_001173517	17	11	6
NM_024597	0	0	0
NM_001159701	0	0	0
NM_001159699	0	0	0
NM_001173516	0	0	0
NM_016267	0	0	0
NM_014500	0	0	0
NR_030631	0	0	0
NM_001163280	4	2	2
NM_001727	0	0	0
NM_000074	1	0	1
NR_038462	0	0	0
NR_038461	0	0	0
NM_002139	0	0	0
NM_001164803	1569	753	816
NR_028477	0	0	0
NR_028476	0	0	0
NR_002735	0	0	0
NM_054021	0	0	0
NM_003413	0	0	0
NR_026935	0	0	0
NR_030229	0	0	0
NR_038405	0	0	0
NR_028597	16	7	9
NM_001313913	0	0	0
NM_000133	0	0	0
NM_173694	5	3	2
NM_001010986	0	0	0
NR_030230	0	0	0
NM_001013403	0	0	0
NM_001271560	0	0	0
NM_005634	0	0	0
NR_028345	0	0	0
NR_028344	0	0	0
NM_004065	0	0	0
NR_031725	0	0	0
NM_032461	0	0	0
NR_104088	0	0	0
NR_104080	0	0	0
NR_104084	0	0	0
NR_004394	0	0	0
NR_125730	0	0	0
NM_022661	0	0	0
NM_012317	82	39	43
NM_145662	0	0	0
NM_013453	0	0	0
NM_032417	0	0	0
NM_138702	0	0	0
NM_177456	0	0	0
NM_005462	0	0	0
NM_016249	0	0	0
NM_001009613	0	0	0
NM_001009609	0	0	0
NM_173078	0	0	0
NM_001184750	0	0	0
NM_001184749	0	0	0
NM_001009615	0	0	0
NM_001012989	0	0	0
NR_121210	0	0	0
NM_001009614	0	0	0
NM_001144010	0	0	0
NM_001144009	0	0	0
NM_001144008	0	0	0
NM_004709	0	0	0
NM_001144003	0	0	0
NM_001144004	0	0	0
NM_001144005	0	0	0
NM_032539	0	0	0
NM_001144006	0	0	0
NR_106783	0	0	0
NR_030584	0	0	0
NR_030593	0	0	0
NR_030592	0	0	0
NR_030590	0	0	0
NR_030589	0	0	0
NR_030581	0	0	0
NM_001244892	0	0	0
NM_001144064	0	0	0
NR_031709	0	0	0
NR_031708	0	0	0
NR_030239	0	0	0
NR_030240	0	0	0
NR_030232	0	0	0
NR_030231	0	0	0
NR_030238	0	0	0
NR_030237	0	0	0
NR_030236	0	0	0
NR_030233	0	0	0
NR_036173	0	0	0
NR_030586	0	0	0
NR_030629	0	0	0
NR_030234	0	0	0
NR_030235	0	0	0
NM_001185082	0	0	0
NM_001185081	0	0	0
NM_001185076	0	0	0
NR_024503	0	0	0
NR_024502	0	0	0
NR_024501	0	0	0
NR_033700	0	0	0
NM_002024	0	0	0
NR_033699	0	0	0
NM_001185075	0	0	0
NR_024499	0	0	0
NM_152578	0	0	0
NM_000202	0	0	0
NM_006123	0	0	0
NM_178124	0	0	0
NM_001166550	0	0	0
NM_001171909	10	4	6
NM_001171908	0	0	0
NM_001171907	0	0	0
NR_104128	2	2	0
NR_027455	54	36	18
NM_001164415	0	0	0
NM_016153	0	0	0
NM_005365	0	0	0
NM_001080790	0	0	0
NM_001282302	1	1	0
NM_001174092	0	0	0
NM_032508	0	0	0
NR_104121	0	0	0
NM_005366	0	0	0
NM_001011544	0	0	0
NM_001166400	0	0	0
NM_005364	0	0	0
NR_102703	1	1	0
NM_001166401	0	0	0
NR_109813	0	0	0
NM_001013845	529	265	267
NR_031748	0	0	0
NM_005342	0	0	0
NM_001301231	0	0	0
NM_001301229	0	0	0
NM_001301228	1	0	1
NM_004224	0	0	0
NR_036256	0	0	0
NM_001017980	2228	1129	1099
NR_033262	0	0	0
NM_024082	0	0	0
NM_033085	0	0	0
NM_005140	0	0	0
NM_004961	0	0	0
NM_002362	0	0	0
NR_029638	0	0	0
NM_001011550	0	0	0
NM_001011549	0	0	0
NM_001011548	0	0	0
NR_029973	0	0	0
NM_001251828	0	0	0
NM_001204811	0	0	0
NM_021048	0	0	0
NM_001011543	0	0	0
NM_021049	0	0	0
NR_029521	0	0	0
NR_030409	0	0	0
NR_029522	0	0	0
NM_018558	7	2	5
NM_175743	0	0	0
NM_005367	0	0	0
NM_153478	0	0	0
NM_001129828	0	0	0
NM_001129826	0	0	0
NM_001282502	0	0	0
NM_153488	0	0	0
NM_175742	0	0	0
NM_001166386	0	0	0
NM_001282501	0	0	0
NM_001166387	0	0	0
NM_001102576	0	0	0
NM_001282505	0	0	0
NM_001282504	0	0	0
NM_005361	0	0	0
NR_073432	0	0	0
NR_130638	0	0	0
NM_005363	0	0	0
NM_175868	0	0	0
NM_001129765	0	0	0
NM_015922	0	0	0
NM_013364	0	0	0
NM_001184924	0	0	0
NM_032882	0	0	0
NM_001103150	0	0	0
NM_001103151	0	0	0
NM_001282535	0	0	0
NM_052926	0	0	0
NM_004988	1	0	1
NM_001080485	1306	647	659
NM_080701	20	11	9
NM_001136273	28	10	18
NM_017518	0	0	0
NM_001130997	0	0	0
NM_152274	2	1	1
NM_021949	0	0	0
NM_001001344	0	0	0
NR_131982	4	1	3
NM_001711	0	0	0
NM_001142806	0	0	0
NM_001142805	0	0	0
NM_005629	0	0	0
NM_005745	0	0	0
NM_001395	1	1	0
NM_001135740	0	0	0
NM_000033	295	146	149
NM_001139457	19	7	12
NM_001139441	0	0	0
NM_001256447	0	0	0
NM_001039582	0	0	0
NM_005393	0	0	0
NR_037927	24	12	12
NM_004135	0	0	0
NM_001170761	0	0	0
NM_001170760	0	0	0
NM_174869	15	3	12
NM_014370	0	0	0
NM_006280	0	0	0
NM_001163257	0	0	0
NM_001303515	0	0	0
NM_001303513	0	0	0
NM_001303512	0	0	0
NM_001303516	0	0	0
NM_001204527	0	57	62
NM_024003	0	0	0
NM_000425	0	0	0
NM_032512	0	0	0
NM_001303514	0	0	0
NM_001143963	0	0	0
NM_001204526	0	0	0
NM_005334	8367	4045	4324
NM_001666	0	0	0
NM_001256120	0	0	0
NM_001256119	0	0	0
NR_027419	1	1	0
NR_036174	0	0	0
NM_002910	148	72	76
NM_001146151	0	0	0
NR_036175	0	0	0
NM_003491	0	0	0
NM_001164741	13	10	3
NM_000054	0	0	0
NM_003492	68	35	33
NR_130768	0	0	0
NR_046608	13	4	11
NM_004992	832	409	423
NR_031757	0	0	0
NM_001569	0	0	0
NM_001316337	0	0	0
NM_001025242	0	0	0
NM_001025243	0	0	0
NM_001110792	0	0	0
NM_001048181	0	0	0
NM_020061	0	0	0
NM_001303626	0	0	0
NM_001303625	0	0	0
NM_001303624	8	3	5
NM_001456	0	0	0
NM_001256580	0	0	0
NM_001256577	0	0	0
NM_012253	0	0	0
NM_000117	1897	936	961
NM_006013	0	0	0
NM_001110556	4	2	2
NM_001145934	0	0	0
NM_001145933	0	0	0
NR_000011	79	39	40
NM_006014	325	154	171
NM_001142391	0	0	0
NM_001171134	0	0	0
NM_014235	988	505	483
NR_024048	4	2	2
NM_001493	2855	1343	1512
NM_019848	0	0	0
NM_001303465	0	1	0
NM_001142392	0	0	0
NM_001183	1495	765	730
NM_000116	0	0	0
NR_106917	0	0	0
NM_181313	0	0	0
NM_181312	0	0	0
NM_181311	0	0	0
NM_021806	0	0	0
NM_004699	1484	735	749
NM_017514	465	238	227
NM_001171132	0	0	0
NM_001171133	0	0	0
NM_001282312	0	0	0
NM_001282311	4	4	0
NR_103768	49	23	26
NM_003639	3	1	2
NM_001145255	0	0	0
NM_139250	0	0	0
NM_172377	0	0	0
NM_020994	0	0	0
NM_001099856	0	0	0
NM_001099857	0	0	0
NM_001327	0	0	0
NR_027402	0	0	0
NR_027401	0	0	0
NM_001282283	0	0	0
NR_110023	0	0	0
NR_049842	0	0	0
NM_001363	0	0	0
NM_001142463	0	0	0
NM_001288747	9	6	3
NM_080612	0	0	0
NM_001081573	0	0	0
NR_104114	0	0	0
NR_002969	0	0	0
NR_002984	0	0	0
NR_110021	12	4	8
NR_110022	7	3	4
NM_080720	0	0	0
NR_036049	0	0	0
NR_036259	0	0	0
NR_036260	0	0	0
NM_001162936	0	0	0
NM_012151	374	194	180
NM_001017990	0	0	0
NM_001017991	0	0	0
NM_001007524	0	0	0
NM_001007523	0	0	0
NM_019863	0	0	0
NM_023934	1935	970	968
NM_001018025	38	16	22
NM_001018024	348	174	174
NM_001242640	0	0	0
NM_024332	2	0	2
NM_001018055	0	0	0
NM_001303545	0	0	0
NM_001303543	0	0	0
NM_171998	418	215	203
NM_003372	0	0	0
NM_001303544	0	0	0
NR_039991	0	0	0
NR_109985	0	0	0
NM_005840	0	0	0
NM_005638	0	0	0
NM_001185183	0	0	0
NR_033714	0	0	0
NM_001145149	0	0	0
NR_033715	0	0	0
NM_176786	0	0	0
NM_002186	0	0	0
NR_110561	4	1	3
