N_unmapped	11500	11500	11500
N_multimapping	10224	10224	10224
N_noFeature	131275	534486	534846
N_ambiguous	341262	170413	169326
NM_033031	4	2	2
NM_033670	0	0	0
NM_144969	0	0	0
NM_001168362	0	0	0
NM_001168361	0	0	0
NM_001168360	0	0	0
NM_001146257	0	0	0
NM_001146256	0	0	0
NM_001168363	0	0	0
NM_014467	0	0	0
NM_001271680	0	0	0
NM_032969	0	0	0
NM_032968	0	0	0
NM_021118	0	0	0
NM_000351	725	370	356
NM_013427	0	0	0
NM_000381	0	0	0
NM_001098624	0	0	0
NM_001118886	0	0	0
NM_006125	2	1	1
NM_001193278	0	0	0
NM_033290	0	0	0
NM_033289	0	0	0
NM_001193277	0	0	0
NM_014728	1	1	0
NM_015507	0	0	0
NR_109776	0	0	0
NM_002063	0	0	0
NM_001118885	0	0	0
NM_001167890	0	0	0
NM_001193280	0	0	0
NM_001193279	0	0	0
NM_001171942	0	0	0
NM_021785	0	0	0
NR_073010	0	0	0
NM_001172743	0	0	0
NM_001172739	0	0	0
NM_001172732	0	0	0
NM_198279	189	85	104
NR_033349	0	0	0
NR_033348	0	0	0
NM_004022	0	0	0
NM_004012	0	0	0
NM_004023	0	0	0
NM_004020	0	0	0
NM_000109	0	0	0
NM_004011	0	0	0
NM_004009	0	0	0
NM_004006	0	0	0
NM_004014	0	0	0
NM_004013	0	0	0
NM_004010	0	0	0
NM_004021	0	0	0
NM_014271	0	0	0
NM_001291421	0	0	0
NM_001291418	0	0	0
NM_001291417	0	0	0
NM_001291416	0	0	0
NM_001291415	0	0	0
NM_021140	0	0	0
NM_033215	26	18	8
NM_001204468	0	0	0
NM_001204466	0	0	0
NM_005676	0	0	0
NM_001204467	0	0	0
NM_001184745	0	0	0
NM_152856	0	0	0
NR_111960	0	0	0
NM_001178032	0	0	0
NM_001243804	0	0	0
NM_001166418	0	0	0
NM_018486	0	0	0
NM_012278	1	0	1
NM_006517	0	0	0
NR_103715	0	0	0
NM_002547	1	1	0
NR_051952	0	0	0
NM_001303277	0	0	0
NM_153252	891	446	445
NM_000489	0	0	0
NM_138270	0	0	0
NM_000390	554	267	287
NM_001145414	33	15	18
NR_024062	0	0	0
NM_006729	33	14	19
NR_024608	11	5	6
NM_001085354	0	0	0
NM_198465	0	0	0
NM_024657	0	0	0
NM_017416	0	0	0
NM_001128172	0	0	0
NM_001128167	0	0	0
NM_017698	0	0	0
NM_001128166	0	0	0
NM_001128173	0	0	0
NM_032227	18	11	7
NM_002578	0	0	0
NM_001128168	0	0	0
NM_001004308	0	0	0
NR_110399	0	0	0
NM_001163279	0	0	0
NM_001081550	2542	1326	1216
NM_014253	0	0	0
NM_001163278	0	0	0
NM_001282607	0	0	0
NM_001306193	0	0	0
NM_021946	0	0	0
NM_144967	0	0	0
NM_194277	0	0	0
NM_001184772	0	0	0
NM_153834	0	0	0
NR_110381	0	0	0
NR_037183	0	0	0
NM_001169122	0	0	0
NM_002025	0	0	0
NM_001169123	0	0	0
NM_001169124	0	0	0
NM_001169125	0	0	0
NM_001170628	0	0	0
NR_027456	17	7	10
NM_006883	0	0	0
NM_001173474	0	0	0
NM_001173473	0	0	0
NM_004192	0	0	0
NM_145177	387	175	212
NM_175569	0	0	0
NM_001171135	10	5	5
NM_004729	0	0	0
NM_001171136	0	0	0
NR_003254	0	0	0
NM_001141920	0	0	0
NM_001141919	0	0	0
NM_001011719	0	0	0
NR_033380	5	3	2
NR_033381	12	4	8
NM_005044	1492	782	710
NR_038428	0	0	0
NM_020742	0	0	0
NM_001282145	0	0	0
NM_001282146	0	0	0
NM_181332	0	0	0
NM_001178135	0	0	0
NM_012080	0	0	0
NM_001178136	0	0	0
NM_001135565	0	0	0
NM_000216	10	4	6
NM_001649	2	1	1
NM_005647	1	0	1
NM_001139468	0	0	0
NM_001139467	0	0	0
NM_001139466	0	0	0
NM_001830	2	0	2
NM_015691	1266	617	649
NM_001256944	0	0	0
NM_013423	0	0	0
NM_001287242	0	0	0
NM_021109	155043	76755	78288
NM_003611	1130	590	540
NM_017856	3	1	2
NM_001001994	0	0	0
NM_001042480	0	0	0
NM_001042479	0	0	0
NM_020473	0	0	0
NM_002641	16	8	8
NM_021804	0	0	0
NM_003662	0	0	0
NM_001018109	0	0	0
NR_037859	0	0	0
NR_033836	0	0	0
NR_033835	0	0	0
NM_175859	14	10	4
NM_001144002	0	0	0
NM_019857	1	0	1
NM_001080975	0	0	0
NM_004726	0	0	0
NM_001291867	0	0	0
NM_198270	0	0	0
NM_001136024	0	0	0
NM_001291868	0	0	0
NM_153346	0	0	0
NM_001184767	0	0	0
NM_006240	0	0	0
NM_003159	0	0	0
NM_001037343	0	0	0
NM_152226	0	0	0
NM_152224	0	0	0
NR_033717	0	0	0
NM_006089	2	1	1
NR_133641	0	0	0
NM_001024666	2	2	0
NM_031892	342	161	181
NM_001079860	0	0	0
NM_001184836	0	0	0
NM_001184835	0	0	0
NM_001184834	0	0	0
NM_001184833	0	0	0
NM_001184960	0	0	0
NM_005756	0	0	0
NM_001079858	0	0	0
NM_001001671	9	104	105
NM_001079859	0	0	0
NM_001184837	0	0	0
NM_001168466	0	0	0
NM_001168465	1	1	0
NM_152780	0	0	0
NM_004586	1927	949	978
NM_001168467	0	0	0
NR_045617	0	0	0
NM_001168647	0	0	0
NM_001168649	0	0	0
NM_001168648	0	0	0
NM_014927	0	0	0
NM_014332	0	0	0
NM_000444	0	0	0
NM_001282754	0	0	0
NM_001033583	0	0	0
NM_024122	1	0	1
NM_030624	586	304	282
NM_001037171	0	0	0
NR_026545	0	0	0
NM_001142386	1976	991	985
NM_005391	4	3	1
NM_004845	0	0	0
NM_016937	1726	860	866
NM_001163265	0	0	0
NM_001163264	0	0	0
NM_203391	0	0	0
NM_004019	1	1	0
NM_004018	0	0	0
NM_001205019	0	0	0
NM_004017	0	0	0
NM_004016	0	0	0
NM_000167	0	0	0
NM_004015	0	0	0
NM_001128127	0	0	0
NM_001304548	1	1	0
NR_110412	0	0	0
NM_001173486	0	0	0
NM_001173490	0	0	0
NM_001173489	0	0	0
NM_001142395	0	0	0
NM_000950	0	0	0
NM_001170331	0	0	0
NM_198511	0	0	0
NM_000328	71	38	33
NM_004615	2	0	2
NM_000531	0	0	0
NM_138780	0	0	0
NM_001163335	0	0	0
NR_038968	0	0	0
NM_001123384	0	0	0
NM_001123383	0	0	0
NM_144970	1199	631	568
NM_001039590	0	0	0
NM_001126054	0	0	0
NM_001126055	0	0	0
NM_003688	1	1	0
NM_001039591	0	0	0
NM_000898	0	0	0
NM_025184	4	2	2
NM_001077445	0	0	0
NM_032591	0	0	0
NM_001190417	0	0	0
NM_001257291	0	0	0
NM_014735	0	0	0
NM_001039891	0	0	0
NM_001146291	0	0	0
NM_153380	0	0	0
NM_133499	0	0	0
NM_007137	160	66	95
NM_007130	1	0	1
NR_033924	0	0	0
NM_006950	1	1	0
NM_000084	0	0	0
NM_021123	0	0	0
NM_001475	0	0	0
NM_001282163	0	0	0
NM_001477	0	0	0
NM_001127199	0	0	0
NM_003886	0	0	0
NM_001098405	0	0	0
NM_001098408	0	0	0
NM_001474	0	0	0
NM_001098409	0	0	0
NM_001476	0	0	0
NM_001127899	0	0	0
NM_001127898	0	0	0
NM_001098410	0	0	0
NM_001272102	0	0	0
NM_001098418	0	0	0
NM_001127345	0	0	0
NM_020717	1	0	1
NR_110382	0	0	0
NM_001013742	0	0	0
NR_027121	0	0	0
NM_001146702	0	0	0
NM_004187	0	0	0
NM_001242492	0	0	0
NM_001242491	0	0	0
NM_001242490	0	0	0
NM_001242489	0	0	0
NM_001242495	0	0	0
NM_001242494	0	0	0
NM_014138	0	0	0
NM_001282622	0	0	0
NM_001242493	0	0	0
NM_001242497	0	0	0
NM_001242496	0	0	0
NM_001099684	0	0	0
NM_022117	580	297	283
NM_001184898	2	1	1
NM_031407	11227	5800	5427
NM_001184896	0	0	0
NM_001300788	0	0	0
NM_015107	0	0	0
NM_020922	0	0	0
NM_001184897	0	0	0
NM_001002838	0	0	0
NM_017848	1	1	0
NM_198510	0	0	0
NM_174912	55	24	31
NR_015367	677	340	337
NM_015185	3	1	2
NR_015353	247	118	129
NM_001173479	1	0	1
NM_001173480	0	0	0
NM_130388	2	0	2
NM_017677	45	22	23
NM_138737	0	0	0
NM_001282141	0	0	0
NM_014799	0	0	0
NM_001130860	0	0	0
NM_000044	0	0	0
NM_001011645	0	0	0
NM_014725	0	0	0
NM_001142503	0	0	0
NM_001399	0	0	0
NM_001005610	0	0	0
NM_001005609	0	0	0
NM_001005613	0	0	0
NM_001005612	0	0	0
NM_031276	0	0	0
NM_012310	1383	722	663
NM_001003811	0	0	0
NM_138923	0	0	0
NM_001286074	0	0	0
NM_001170747	16	5	11
NM_017669	568	296	273
NM_181672	0	0	0
NM_181673	0	0	0
NM_004606	0	0	0
NR_104394	0	0	0
NR_104387	0	0	0
NM_001013627	4	1	3
NR_104388	0	0	0
NR_104391	0	0	0
NR_104390	0	0	0
NR_104389	0	0	0
NR_104395	0	0	0
NR_104393	0	0	0
NR_104392	0	0	0
NM_001166419	0	0	0
NM_001172436	0	0	0
NM_002637	0	0	0
NM_001122670	0	0	0
NM_001166448	0	0	0
NR_028379	86	48	38
NR_024582	86	35	51
NR_029423	6	4	2
NM_001039840	0	0	0
NM_001300884	0	0	0
NR_003255	0	3	7
NM_001271699	0	0	0
NM_001271697	0	0	0
NM_001271696	0	0	0
NM_004299	0	0	0
NM_001271698	0	0	0
NM_001008537	137	71	66
NR_110406	0	0	0
NR_110404	0	0	0
NR_110403	0	0	0
NR_110402	0	0	0
NR_110401	0	0	0
NR_110400	0	0	0
NR_110405	0	0	0
NM_032121	3356	1727	1629
NM_000291	48655	24210	24445
NM_001282224	0	0	0
NM_000052	5	1	4
NR_104109	0	0	0
NM_001170574	0	0	0
NM_003022	4331	2152	2189
NM_030763	887	457	440
NM_001177479	0	0	0
NM_001177478	0	0	0
NM_014496	46	22	24
NM_144657	0	0	0
NM_198450	538	289	341
NM_024921	12	7	5
NM_001307940	0	0	0
NM_053281	0	0	0
NM_001139514	0	0	0
NM_001139515	0	0	0
NM_057162	0	0	0
NM_019117	0	0	0
NM_007309	1	1	0
NM_020766	0	0	0
NM_001184880	0	0	0
NM_001105243	0	0	0
NR_028407	7	4	3
NM_212559	6	3	3
NM_032946	0	0	0
NM_001199818	10	6	4
NM_001099686	0	0	0
NM_022053	0	0	0
NR_028089	0	0	0
NM_001142425	0	0	0
NM_001142424	0	0	0
NM_001142423	0	0	0
NM_001142422	0	0	0
NM_012286	0	0	0
NM_001142426	0	0	0
NM_001142431	0	0	0
NM_001142430	0	0	0
NM_001142429	0	0	0
NM_001142428	0	0	0
NM_001142427	0	0	0
NM_001142421	0	0	0
NM_001142419	0	0	0
NM_001142420	0	0	0
NM_001142418	0	0	0
NM_001142432	0	0	0
NR_131236	0	0	0
NR_131237	1	0	1
NM_017752	126	56	70
NM_000354	0	0	0
NM_152423	0	0	0
NM_001171020	0	0	0
NM_198881	5	1	4
NM_173494	0	0	0
NM_012216	0	0	0
NM_001171080	279	157	122
NM_018301	55	29	26
NM_052817	0	0	0
NM_198057	11	7	4
NM_001169154	0	0	0
NM_000495	0	0	0
NM_033641	0	0	0
NM_033380	0	0	0
NM_001847	0	0	0
NM_001287758	0	0	0
NM_001287759	0	0	0
NM_001287760	0	0	0
NM_178270	0	0	0
NM_052936	2	1	1
NM_001522	1	0	1
NM_022977	6	2	4
NM_004458	0	0	0
NM_145234	0	0	0
NM_015365	0	0	0
NM_001143983	0	0	0
NM_001143982	0	0	0
NM_001143981	0	0	0
NM_001171689	0	0	0
NM_001025580	0	0	0
NM_178153	0	0	0
NM_178152	0	0	0
NM_178151	0	0	0
NM_012471	0	0	0
NM_001195553	0	0	0
NR_131204	0	0	0
NM_000868	0	0	0
NM_001243963	0	0	0
NM_001256761	0	0	0
NM_001256760	0	0	0
NM_020871	0	0	0
NM_001136025	0	0	0
NM_001282337	0	0	0
NM_005032	0	0	0
NM_001172335	0	0	0
NR_132337	0	0	0
NM_001282338	0	0	0
NM_001168302	0	0	0
NM_001184965	0	0	0
NM_001168303	0	0	0
NM_033495	0	0	0
NM_001168299	0	0	0
NM_001168301	0	0	0
NM_001168300	0	0	0
NM_001184966	0	0	0
NM_019045	0	0	0
NM_001289109	0	0	0
NM_145305	532	269	263
NM_144658	1478	754	724
NR_110311	0	0	0
NM_001560	27	9	18
NM_020721	0	0	0
NM_024778	0	0	0
NM_001031855	0	0	0
NM_015129	0	0	0
NM_145800	0	0	0
NM_024528	667	331	336
NM_013995	1381	673	708
NM_001122606	0	0	0
NM_145799	2036	985	1051
NM_145802	0	0	0
NM_002294	102	48	54
NR_131238	0	0	0
NM_001080139	0	0	0
NM_001080142	0	0	0
NM_001080144	0	0	0
NM_001080145	0	0	0
NM_001080138	0	0	0
NM_173571	0	0	0
NM_001242922	0	0	0
NM_001080146	0	0	0
NM_001080141	0	0	0
NM_001080143	0	0	0
NM_001080137	0	0	0
NM_000828	0	0	0
NM_007325	0	0	0
NM_001204401	0	0	0
NM_001167	0	0	0
NR_037916	0	0	0
NM_006603	0	0	0
NM_001042751	0	0	0
NM_001042750	0	0	0
NM_001282418	0	2	1
NM_001042749	12	3	9
NM_003399	11	2	9
NM_001282875	0	0	0
NM_001282874	0	0	0
NM_003069	0	0	0
NR_132647	0	0	0
NM_001281736	0	0	0
NM_182314	0	0	0
NM_006375	0	0	0
NM_145812	1	0	1
NM_001130847	0	0	0
NM_004208	0	0	0
NR_026975	52	26	26
NM_018388	0	0	0
NM_001170701	0	0	0
NM_001170703	0	0	0
NM_001170702	0	0	0
NM_147175	0	0	0
NR_110410	28	11	18
NM_001170704	1	1	0
NM_001077188	0	0	0
NM_133486	1	1	0
NM_004484	0	0	0
NM_001164619	0	0	0
NM_001164618	0	0	0
NM_001164617	0	0	0
NM_000194	3162	1569	1593
NM_021796	0	0	0
NM_001316889	0	0	0
NM_001316888	0	0	0
NM_001316887	0	0	0
NM_001449	0	0	0
NM_001167819	0	0	0
NR_104652	0	0	0
NM_001159704	0	0	0
NM_001159703	0	0	0
NM_001159702	0	0	0
NM_182540	767	396	371
NM_001159700	0	0	0
NR_027621	0	0	0
NM_004840	39	15	24
NM_001306177	0	0	0
NM_004114	0	0	0
NM_033642	0	0	0
NM_001139498	0	0	0
NM_001139502	0	0	0
NM_001139501	0	0	0
NM_001139500	0	0	0
NM_005369	0	0	0
NM_001171879	0	0	0
NM_001099855	0	0	0
NM_001171876	0	0	0
NM_001171878	0	0	0
NM_001171877	0	0	0
NR_104228	0	0	0
NM_134446	0	0	0
NM_134445	0	0	0
NM_001306145	3	3	0
NM_005491	0	0	0
NM_001177466	0	0	0
NM_001177465	0	0	0
NM_001184808	0	0	0
NM_031462	0	0	0
NM_000252	260	131	129
NM_001306144	600	306	294
NM_001242614	0	0	0
NM_003828	0	0	0
NM_173493	1	0	1
NM_001178106	0	0	0
NM_000808	0	0	0
NM_004344	551	298	253
NM_007150	0	0	0
NM_001178113	1	0	1
NM_001178108	0	0	0
NM_001178107	0	0	0
NM_001178115	0	0	0
NM_001178110	0	0	0
NM_001178109	0	0	0
NM_005362	0	0	0
NM_001278116	0	0	0
NR_073156	10	8	2
NM_001303620	0	0	0
NM_001586	0	0	0
NM_002436	0	0	0
NM_006730	8	6	2
NM_000513	0	0	0
NM_001205201	0	0	0
NM_000402	2	0	2
NM_000132	8	3	5
NM_001166462	0	0	0
NM_001166461	0	0	0
NM_001166460	0	0	0
NM_001042351	0	7	4
NM_001009934	0	0	0
NM_001009932	10	7	3
NM_001009933	0	0	0
NM_001304990	1	0	1
NM_001184797	0	0	0
NM_018196	5	1	4
NM_001289	208	102	106
NM_012227	1247	620	627
NM_018390	393	192	201
NM_013239	55	26	29
NR_028057	0	0	0
NR_027231	0	0	0
NR_027232	4	2	2
NM_000451	0	0	0
NM_172246	0	0	0
NM_172245	0	0	0
NM_006140	0	0	0
NM_001161529	0	0	0
NM_001161530	0	0	0
NM_001161532	0	0	0
NM_001161531	0	0	0
NR_110830	0	0	0
NM_172249	0	0	0
NR_037461	0	0	0
NM_001012288	0	0	0
NR_027760	0	0	0
NM_172247	0	0	0
NM_022148	0	0	0
NR_026711	9	5	4
NM_002183	23	13	10
NM_001267713	0	0	0
NR_026710	10	6	4
NR_130733	13	9	4
NM_001636	19020	9455	9567
NM_178129	3407	1753	1654
NR_027383	19	10	9
NM_004043	0	0	0
NM_001171039	0	0	0
NM_001171038	0	0	0
NM_005088	0	0	0
NR_037842	0	0	0
NR_106737	0	0	0
NM_002414	0	0	0
NM_001122898	0	0	0
NM_001277710	0	0	0
NM_003918	0	0	0
NM_001079855	0	0	0
NM_001184702	0	0	0
NM_001184704	0	0	0
NM_001184703	0	0	0
NM_001282631	0	0	0
NM_001282628	0	0	0
NM_001669	130	58	72
NM_000047	0	0	0
NM_004042	0	0	0
NM_001201539	0	0	0
NM_001201538	0	0	0
NM_015419	0	0	0
NR_046643	0	0	0
NR_034031	164	82	82
NR_110390	0	0	0
NR_039927	0	0	0
NM_016379	0	0	0
NR_039924	2	3	1
NM_013452	0	0	0
NM_004650	1	0	1
NM_001172672	0	0	0
NM_001142389	0	0	0
NM_016378	0	0	0
NR_030380	0	0	0
NM_001001888	0	0	0
NM_174951	0	0	0
NM_001171186	0	0	0
NM_205849	0	0	0
NM_000273	1	0	1
NM_001195081	0	0	0
NM_001193281	0	0	0
NM_001171991	0	0	0
NM_001122608	0	0	0
NM_005333	0	0	0
NR_049865	0	0	0
NM_182681	0	0	0
NM_182680	0	0	0
NM_001142	0	0	0
NM_078629	0	0	0
NM_078628	452	222	230
NM_001282174	0	0	0
NM_001193270	0	0	0
NM_006800	2	1	1
NM_002765	0	0	0
NM_001039091	0	0	0
NM_016610	0	0	0
NM_016562	2795	1400	1395
NM_138636	0	0	0
NR_030727	0	0	0
NM_174901	2	1	1
NR_045260	0	0	0
NR_046087	0	0	0
NM_001135995	0	0	0
NR_106734	0	0	0
NM_004251	3	0	3
NM_001011658	0	0	0
NM_001128835	0	0	0
NM_001195328	0	0	0
NM_014563	0	0	0
NM_152634	0	0	0
NM_001297564	0	0	0
NM_001297563	0	0	0
NM_001001996	0	0	0
NM_005278	0	0	0
NM_001001995	19	11	8
NR_110506	133	63	70
NM_001177475	0	0	0
NM_152581	8	6	2
NM_001018113	0	0	0
NM_152633	0	0	0
NM_001031739	0	0	0
NM_080873	0	0	0
NM_001201583	0	0	0
NM_024087	0	0	0
NM_001168531	0	0	0
NM_001168530	0	0	0
NM_001012428	0	0	0
NM_004469	0	0	0
NM_001721	0	0	0
NM_203281	0	0	0
NM_020665	8	5	3
NR_026551	92	51	41
NR_126564	0	0	0
NM_001272071	2	1	1
NM_005089	357	183	174
NR_002725	0	8	9
NM_003916	0	0	0
NM_007220	80	46	51
NM_005314	20	12	8
NM_001277307	1	0	1
NR_039762	0	0	0
NM_004057	0	0	0
NM_032796	0	0	0
NR_033181	0	0	0
NM_018360	52	26	26
NM_001198719	7	1	6
NM_002893	314	150	164
NM_001168683	0	0	0
NR_039925	0	0	0
NR_046632	0	0	0
NM_001037535	0	0	0
NM_006746	0	0	0
NM_001037536	0	0	0
NM_001037540	2	2	0
NM_000330	0	0	0
NR_046642	0	0	0
NR_029379	5	62	57
NM_000292	550	311	353
NM_000284	0	0	0
NM_001173454	1	1	0
NM_001173456	0	0	0
NM_001173455	0	0	0
NR_037414	0	0	0
NR_024440	0	0	0
NR_023358	2	0	2
NM_001412	3584	1803	1781
NR_046592	1	1	0
NM_153270	5	1	4
NM_206923	40	22	18
NM_015884	470	240	230
NM_001258423	0	0	0
NM_004595	52	25	27
NR_046639	0	0	0
NM_152577	0	0	0
NM_182699	0	0	0
NM_173495	0	0	0
NM_006406	1740	856	884
NM_002970	0	0	0
NR_027783	65	27	38
NM_152761	0	0	0
NM_001169574	0	0	0
NM_001415	8516	4310	4206
NM_003410	0	0	0
NM_001178085	0	0	0
NM_001178084	0	0	0
NM_001178095	0	0	0
NM_001178086	0	0	0
NR_046657	1	1	0
NM_001136234	0	0	0
NM_001136233	0	0	0
NR_003007	0	0	0
NR_046638	0	0	0
NM_139058	1	0	1
NM_173523	0	0	0
NM_173699	0	0	0
NM_001271752	0	0	0
NR_001559	0	0	0
NR_002784	0	0	0
NM_001136533	0	0	0
NM_182506	0	0	0
NM_001017930	0	0	0
NR_106750	0	0	0
NR_049877	0	0	0
NM_002364	0	0	0
NM_002363	0	0	0
NM_177415	0	0	0
NM_177404	0	0	0
NM_002365	0	0	0
NM_002367	0	0	0
NM_000475	1	0	1
NM_025159	1343	646	697
NM_152787	889	452	437
NM_031894	0	0	0
NR_037478	0	0	0
NR_031646	0	0	0
NM_203408	0	0	0
NM_031442	0	0	0
NM_152631	0	0	0
NM_001099921	0	0	0
NM_152632	0	0	0
NM_001271682	0	0	0
NM_001013736	0	0	0
NM_021083	1	1	0
NM_000397	2607	1312	1295
NM_006520	489	264	225
NM_012274	0	0	0
NR_039674	0	0	0
NM_001163334	0	0	0
NM_001170752	0	0	0
NM_001170751	0	0	0
NM_001170750	0	0	0
NM_006307	0	0	0
NM_001034853	3	3	0
NM_021242	103	52	73
NM_001098791	0	0	0
NM_001098790	0	0	0
NR_046706	12	28	19
NR_110385	0	0	0
NR_037501	0	0	0
NR_039763	0	0	0
NM_017745	0	0	0
NM_001123385	0	0	0
NR_110386	0	0	0
NM_005765	2181	1107	1074
NM_001195522	0	0	0
NM_004229	2104	1071	1037
NM_001289773	16	11	9
NR_027761	3	2	1
NM_001356	0	0	0
NR_106988	0	0	0
NM_001193417	0	0	0
NM_001193416	0	0	0
NR_126094	4	0	4
NR_126093	0	0	0
NM_022567	1	1	0
NM_005300	0	0	0
NM_001097579	0	0	0
NM_080817	41	24	17
NR_002191	0	0	0
NR_110387	4	3	1
NM_001270458	0	0	0
NM_000240	0	0	0
NM_000266	0	0	0
NM_173794	394	186	208
NM_022076	0	0	0
NM_024689	0	0	0
NM_176819	0	0	0
NR_104644	0	0	0
NR_104645	0	0	0
NR_102268	0	0	0
NR_029636	0	0	0
NR_125365	0	0	0
NR_029635	2	0	2
NR_110388	0	0	0
NM_001129900	0	0	0
NM_017776	0	0	0
NM_001129899	0	0	0
NM_001129898	0	0	0
NR_015378	66	36	30
NM_019886	293	162	131
NM_006915	506	254	252
NR_046101	0	0	0
NM_001282849	0	0	0
NM_001282848	0	0	0
NM_152869	0	0	0
NM_001135998	0	0	0
NM_019056	0	0	0
NM_004683	0	0	0
NM_003334	31	18	13
NM_004651	1465	757	708
NM_033018	11	5	6
NM_001170460	1	0	1
NR_024616	10	5	5
NM_006201	52	20	32
NM_153280	4	3	1
NM_003446	4	2	2
NR_003710	0	0	0
NM_001256197	7	5	2
NM_001654	0	0	0
NM_001256196	0	0	0
NR_126059	46	32	24
NM_001145252	0	0	0
NM_004182	0	0	0
NM_001114123	0	0	0
NM_003254	809	395	414
NM_153477	0	0	0
NR_045559	0	0	0
NR_045560	3	0	3
NR_039926	0	0	0
NM_002621	1	1	0
NM_001257168	0	0	0
NR_028119	3	369	313
NM_005229	0	0	0
NM_001037735	0	0	0
NM_001282202	0	0	0
NM_001282201	0	0	0
NM_001079900	0	0	0
NM_001190255	0	0	0
NM_006962	0	0	0
NM_001178099	0	0	0
NM_205856	1	0	1
NR_046742	0	0	0
NM_001007088	0	0	0
NR_028366	0	0	0
NM_175723	0	0	0
NM_021015	0	0	0
NM_005635	0	0	0
NR_073393	0	0	0
NM_001278691	0	0	0
NM_021014	0	0	0
NM_012280	0	0	0
NM_005636	0	0	0
NM_177439	0	0	0
NM_175729	0	0	0
NM_001282157	0	0	0
NM_033518	1432	722	710
NM_001040612	0	0	0
NM_001034832	0	0	0
NM_002536	494	242	252
NR_029427	0	0	0
NM_001282167	8	4	4
NM_006579	1610	815	795
NM_017883	0	0	0
NM_006743	9507	4766	4741
NM_001166426	16	6	10
NM_022825	0	0	0
NM_203473	0	0	0
NM_203474	0	0	0
NM_203475	0	0	0
NM_001282166	0	0	0
NM_003173	1	1	0
NM_000377	1610	821	789
NM_006044	1068	524	544
NM_013271	1	0	1
NM_181532	0	0	0
NM_001080489	0	0	0
NM_002049	0	0	0
NM_001167992	0	0	0
NM_001167989	0	0	0
NM_001167990	0	0	0
NM_144495	0	0	0
NM_005710	0	0	0
NM_005834	0	0	0
NM_001167947	1	1	0
NM_001136159	34	18	16
NM_001136158	0	0	0
NM_001042498	0	0	0
NM_004979	39	25	14
NM_001136157	0	0	0
NM_001282650	0	0	0
NM_001282649	0	0	0
NM_001282648	0	0	0
NM_001282647	0	0	0
NM_001032382	0	0	0
NM_001032384	0	0	0
NM_001032383	0	0	0
NM_001282651	0	0	0
NM_006875	3950	2041	1909
NM_005660	0	0	0
NM_001032289	0	0	0
NM_017602	0	0	0
NM_001032381	0	0	0
NM_020137	1354	663	691
NM_007075	3	0	3
NM_001163322	0	0	0
NM_001163321	0	0	0
NM_001029896	3	1	2
NM_001282142	0	0	0
NM_006521	0	0	0
NM_007213	127	61	66
NM_015698	625	309	316
NM_001163323	0	0	0
NM_001271836	1	1	0
NM_001271835	0	0	0
NM_033626	0	0	0
NM_003179	16	8	10
NM_001114377	0	0	0
NM_001256790	0	0	0
NM_001256789	0	0	0
NM_001307979	0	0	0
NM_006150	1	0	1
NM_002668	1214	964	1021
NM_024859	0	0	0
NM_005183	0	0	0
NM_001099682	0	0	0
NM_014008	539	275	286
NM_014009	0	0	0
NM_001099681	0	0	0
NR_046649	0	1	1
NM_001127200	0	0	0
NM_012196	0	0	0
NM_001098406	0	0	0
NM_001098413	0	0	0
NM_001098407	0	0	0
NM_001098412	0	0	0
NR_102272	0	0	0
NM_001098411	0	0	0
NM_001040663	0	0	0
NM_001472	0	0	0
NM_001127212	0	0	0
NM_003785	0	0	0
NR_026742	19	9	10
NM_007003	0	0	0
NM_001145073	51	23	28
NR_029708	0	0	0
NR_030241	0	0	0
NR_030226	0	0	0
NR_030225	0	0	0
NR_030224	0	0	0
NR_036257	0	0	0
NR_029850	0	0	0
NR_030397	0	0	0
NM_139289	0	0	0
NM_005448	0	0	0
NM_153183	0	0	0
NM_001304963	0	0	0
NM_203407	0	0	0
NR_110654	0	0	0
NM_018159	2	1	1
NM_018094	482	231	251
NR_033773	0	0	0
NR_033772	0	0	0
NM_006986	0	0	0
NM_001005333	0	0	0
NM_001005332	2	1	1
NM_001242362	0	0	0
NM_177537	0	0	0
NM_177535	0	0	0
NM_001272062	0	0	0
NR_003711	0	0	0
NR_102368	0	0	0
NM_001272063	0	0	0
NM_001272061	0	0	0
NM_030801	0	0	0
NM_001098800	0	0	0
NR_107055	0	0	0
NM_130777	0	0	0
NM_001097594	0	0	0
NR_033254	0	0	0
NM_001097605	0	0	0
NM_001097604	0	0	0
NR_033257	0	0	0
NM_001097596	0	0	0
NM_173358	0	0	0
NR_027250	0	0	0
NM_001164417	0	0	0
NM_001009616	0	0	0
NM_001278697	0	0	0
NM_175698	0	0	0
NM_130775	0	0	0
NM_003147	0	0	0
NM_001278702	0	0	0
NM_001278701	0	0	0
NM_133179	0	0	0
NM_130776	0	0	0
NM_018969	0	0	0
NR_106955	0	0	0
NR_106954	0	0	0
NR_110456	20	9	11
NM_001243197	1	1	0
NM_001111125	0	0	0
NM_015075	0	0	0
NM_001031745	0	0	0
NM_006306	0	0	0
NM_004493	2	2	0
NR_106916	0	0	0
NM_001281463	1	1	0
NM_001267053	0	0	0
NM_144968	0	0	0
NM_001037811	0	0	0
NR_029484	0	0	0
NR_029513	0	0	0
NM_198456	13	8	5
NM_058163	1000	505	498
NM_004463	83	40	46
NM_001184819	1	1	0
NM_019067	0	0	0
NM_014599	0	0	0
NM_177433	0	0	0
NR_002953	1	1	0
NM_201222	6	4	2
NM_001039705	0	0	0
NM_001037967	0	0	0
NM_000032	0	0	0
NM_016157	0	0	0
NM_001037968	0	0	0
NM_001271183	0	0	0
NM_001271805	2	1	1
NM_001271804	0	0	0
NM_001271184	0	0	0
NM_002625	0	0	0
NR_073149	0	0	0
NR_073148	0	0	0
NR_073450	0	0	0
NM_001271748	0	0	0
NM_014481	20	10	10
NM_177557	0	0	0
NM_177556	0	0	0
NM_001166700	0	0	0
NM_001166704	0	0	0
NM_001166703	0	0	0
NM_207339	0	0	0
NR_030722	0	0	0
NM_001166699	0	0	0
NM_001166702	0	0	0
NM_001166701	0	0	0
NM_001015038	0	0	0
NM_138362	0	0	0
NM_001171252	0	0	0
NM_001017931	0	0	0
NM_001303613	0	0	0
NM_001190708	0	0	0
NM_001013435	0	0	0
NM_130467	0	0	0
NR_130179	0	0	0
NR_132964	1	0	1
NM_201286	83	53	30
NM_014061	408	209	199
NR_130469	0	0	0
NR_039764	0	0	0
NM_198451	0	0	0
NM_016656	1	1	0
NM_006064	0	0	0
NM_001159296	0	0	0
NM_007250	3	1	2
NM_013444	1314	684	630
NR_002308	120	68	52
NM_001010862	203	98	105
NR_027139	25	15	10
NM_001006683	0	0	0
NM_001006682	0	0	0
NM_001006681	0	0	0
NM_001282462	0	0	0
NM_001282461	0	0	0
NM_019003	0	0	0
NM_007157	283	131	152
NM_007156	86	46	40
NM_001012968	402	203	199
NR_046803	0	0	0
NR_031567	0	0	0
NM_152424	439	222	217
NM_001178033	0	0	0
NR_045044	0	0	0
NM_018684	0	0	0
NM_001170649	0	0	0
NM_001170650	0	0	0
NM_031206	2	1	1
NM_001010888	27	15	13
NR_033742	2	1	1
NM_002444	19071	9588	9483
NM_001100431	0	0	0
NM_001184830	0	0	0
NM_001257403	0	0	0
NR_029637	3	0	3
NM_001184831	0	0	0
NM_007268	0	0	0
NM_021783	0	0	0
NM_001199687	0	0	0
NM_001242310	2	2	0
NM_001195214	0	0	0
NM_173834	0	0	0
NM_001142504	0	0	0
NM_004429	35	15	20
NM_145119	0	0	0
NM_022368	0	0	0
NM_001032396	0	0	0
NM_015686	0	0	0
NR_037494	0	0	0
NM_001002254	0	0	0
NM_207320	0	0	0
NM_001551	2131	1126	1005
NM_198512	5	3	2
NM_001013579	0	0	0
NM_016484	653	330	329
NM_002565	0	0	0
NM_004312	4	0	4
NM_001032726	3	3	4
NR_046586	1	0	1
NM_020730	1	1	0
NM_001171193	0	0	0
NM_001171192	0	0	0
NM_001171191	0	0	0
NM_017711	0	0	0
NR_109801	0	0	0
NM_001166278	2	1	2
NM_021120	0	0	0
NM_032803	0	0	0
NM_001048164	0	0	0
NM_013346	0	0	0
NM_000206	6051	3026	3029
NM_001256188	0	0	0
NM_001256187	0	0	0
NM_001170931	0	0	0
NM_181303	0	0	0
NM_001166660	0	0	0
NM_005938	0	0	0
NM_001256186	0	0	0
NM_001256185	0	0	0
NM_005120	1312	633	683
NM_001025265	0	0	0
NR_033212	0	0	0
NM_018977	0	0	0
NM_001145410	0	0	0
NM_201599	1	1	0
NM_005096	0	0	0
NM_001145408	0	0	0
NM_001171163	1	1	0
NM_001171162	7	4	3
NM_007363	0	0	0
NM_000166	0	0	0
NM_001145409	0	0	0
NM_001097642	0	0	0
NR_104396	1	1	0
NR_002226	1	1	0
NM_052957	45	27	18
NM_001142797	0	0	0
NM_001504	0	0	0
NR_034004	0	0	0
NM_001145139	0	0	0
NM_001145140	0	0	0
NR_034005	0	0	0
NR_002309	7	1	6
NM_006223	0	0	0
NM_207422	311	205	106
NR_033187	0	0	0
NM_001024455	23	14	9
NM_001144886	0	0	0
NM_001144885	0	0	0
NM_004143	0	0	0
NM_001007	38273	18994	19279
NM_001144887	0	0	0
NM_001166420	0	0	0
NM_001166422	0	0	0
NR_110391	0	0	0
NM_033053	0	0	0
NM_001080851	0	0	0
NR_034116	0	0	0
NR_120493	0	0	0
NR_120494	0	0	0
NR_026595	0	0	0
NR_120499	0	0	0
NR_026594	0	0	0
NR_110398	0	0	0
NM_001042506	0	0	0
NR_027291	0	0	0
NM_001012977	0	0	0
NM_021963	76	31	45
NM_005193	0	0	0
NR_001564	3	8	5
NR_030398	0	0	0
NR_037511	0	1	0
NR_030258	0	0	0
NM_203303	0	0	0
NR_030620	0	0	1
NR_030785	0	0	0
NM_016120	0	0	0
NM_183353	0	0	0
NM_145052	0	0	0
NR_030774	0	0	0
NM_001307944	0	0	0
NR_030737	13	7	6
NM_138703	0	0	0
NM_001300888	0	0	0
NM_016500	2	0	2
NM_020932	14	7	7
NR_029909	0	0	0
NR_029905	0	0	0
NM_003868	0	0	0
NM_001866	3536	1796	1740
NM_001029891	3359	1630	1729
NM_015975	823	421	402
NM_001282188	0	0	0
NM_001282187	0	0	0
NM_001282186	0	0	0
NM_006639	0	0	0
NM_005296	2	0	2
NM_152694	3	1	2
NM_001278000	0	0	0
NR_036258	0	0	0
NM_014499	14	4	10
NM_198333	0	0	0
NM_032553	153	76	77
NM_001171581	0	0	0
NM_004867	8	4	4
NM_001303475	0	0	0
NM_001109879	0	0	0
NM_001109878	0	0	0
NM_016954	0	0	0
NR_110646	0	0	0
NM_152630	0	0	0
NM_000307	0	0	0
NR_031690	0	0	0
NM_001012980	1	51	42
NR_110651	0	0	0
NM_021998	88	48	40
NR_031710	0	0	0
NR_029848	0	0	0
NM_033048	0	0	0
NM_001184771	0	0	0
NM_138960	0	0	0
NR_110659	0	0	0
NM_080832	0	0	0
NR_039659	0	0	0
NM_001171109	0	0	0
NM_173698	0	0	0
NM_004538	5	1	4
NM_001171111	0	0	0
NM_001171110	0	0	0
NR_031667	0	0	0
NR_003539	0	0	0
NM_013347	6	3	3
NR_125391	1	1	0
NM_001278743	0	0	0
NM_001278742	0	0	0
NM_001278741	0	0	0
NM_001278740	0	0	0
NM_003270	0	0	0
NM_022144	0	0	0
NM_001129896	0	0	0
NM_001174068	0	0	0
NM_080737	0	0	0
NM_007052	0	0	0
NM_013955	0	0	0
NM_001271815	0	0	0
NM_001325	0	0	0
NM_001306206	0	0	0
NM_001306209	0	0	0
NM_001167970	0	0	0
NR_103709	0	0	0
NR_103708	0	0	0
NM_001167971	0	0	0
NM_001162491	0	0	0
NM_001167972	0	0	0
NM_024917	3	2	1
NM_021637	0	0	0
NM_006733	516	253	263
NM_001171184	0	0	0
NM_001168474	0	0	0
NM_001939	0	0	0
NM_024885	0	0	0
NM_001032393	0	0	0
NM_000061	0	0	0
NM_001287344	3	2	1
NM_001287345	1	0	1
NM_000169	524	283	241
NM_004085	259	133	126
NM_021029	15	6	9
NM_001145951	11	3	8
NM_001199974	0	0	0
NM_001199973	0	0	0
NM_001199972	61	30	31
NM_019597	0	0	0
NM_001256155	68	29	39
NM_016608	48	23	25
NR_045862	0	0	0
NR_045864	0	0	0
NR_045863	0	0	0
NR_045861	0	0	0
NM_177947	0	0	0
NM_177948	1	0	1
NM_177949	0	0	0
NM_016607	0	0	0
NM_001184768	0	0	0
NM_014782	0	0	0
NM_001282231	0	0	0
NM_019007	0	0	0
NR_033669	0	0	0
NR_033670	0	0	0
NM_001009584	0	0	0
NM_001011657	0	0	0
NM_001282401	0	0	0
NM_001282400	0	0	0
NM_080390	9	4	5
NM_001159560	0	0	0
NM_001277423	0	0	0
NM_001012978	0	0	0
NM_001006938	1	0	1
NM_022838	0	0	0
NM_001168485	0	0	0
NM_001168482	0	0	0
NM_001168480	0	0	0
NM_001168479	0	0	0
NM_001168478	0	0	0
NM_021992	2	0	2
NR_002216	0	0	0
NM_001099411	0	0	0
NM_001099410	0	0	0
NM_001184727	0	0	0
NM_138437	0	0	0
NM_001142527	0	0	0
NM_030639	0	0	0
NM_001142530	0	0	0
NM_001142525	0	0	0
NM_001142524	0	0	0
NM_014710	0	0	0
NM_001184876	0	0	0
NM_001184875	0	0	0
NM_001184874	0	0	0
NM_001142529	0	0	0
NM_001142528	0	0	0
NM_001142526	0	0	0
NM_001004051	0	0	0
NR_038988	34	21	13
NM_001031834	2	0	2
NM_018476	0	0	0
NM_022052	0	0	0
NM_153333	0	0	0
NM_001127688	0	0	0
NM_001080425	1	0	1
NM_001012979	0	0	0
NM_001006684	0	0	0
NM_001168401	0	0	0
NM_001282674	0	0	0
NM_016303	0	0	0
NM_001168399	0	0	0
NM_152278	0	0	0
NM_032621	0	0	0
NM_001006614	0	0	0
NM_001006613	0	0	0
NM_001006612	0	0	0
NM_001168400	0	0	0
NM_014380	0	0	0
NM_206917	0	0	0
NM_206915	0	0	0
NM_080879	8	4	4
NM_004780	0	0	0
NM_032926	0	0	0
NM_001006937	0	0	0
NM_001006935	0	0	0
NM_001305842	0	0	0
NM_001305841	0	0	0
NM_024863	0	0	0
NM_001305840	4	2	2
NM_001006640	0	0	0
NM_001006639	0	0	0
NM_001006933	0	0	0
NM_001300901	1	0	1
NM_001305004	0	0	0
NM_182541	0	0	1
NM_001128834	0	0	0
NM_199478	0	0	0
NM_000533	0	0	0
NM_001172285	0	0	0
NM_001024452	0	1	0
NR_038978	19	35	25
NM_016370	38	22	16
NR_003238	0	0	0
NM_001164416	0	0	0
NM_194324	0	0	0
NR_130172	0	0	0
NM_001002916	0	0	0
NR_026694	0	0	0
NM_001143978	1	1	0
NR_039980	39	18	21
NM_207318	1180	562	618
NM_001012755	168	83	85
NM_153448	0	0	0
NM_031274	0	0	0
NM_001291277	0	0	0
NR_039765	2	1	1
NM_018015	7	5	2
NM_001184782	0	0	0
NM_024539	0	0	0
NM_194463	0	0	0
NM_020384	0	0	0
NM_138382	0	0	0
NM_001171706	0	0	0
NM_001171095	0	0	0
NM_001171092	0	0	0
NR_033676	0	0	0
NM_017681	0	0	0
NM_032428	1	0	1
NR_046750	0	0	0
NM_002764	244	136	108
NM_001204402	0	0	0
NM_004089	106	57	49
NM_001015881	2	2	0
NR_110395	0	0	0
NM_031273	0	0	0
NM_182607	0	0	0
NM_002814	0	0	0
NM_170750	0	0	0
NM_001170553	0	0	0
NR_110652	0	0	0
NM_003604	0	0	0
NR_106735	5	3	2
NM_018698	0	0	0
NM_001242618	0	0	0
NM_001242617	0	0	0
NM_012282	16	6	10
NR_030381	0	0	0
NR_039774	0	0	0
NR_004379	0	0	0
NM_020769	3	0	3
NR_002718	0	0	0
NM_014289	0	0	0
NM_000555	0	0	0
NR_033974	0	0	0
NM_001039210	0	0	0
NM_001257230	0	0	0
NR_033125	0	0	0
NM_001257241	0	0	0
NM_001257239	2	1	1
NM_001257240	0	0	0
NM_001257237	0	0	0
NM_001257235	0	0	0
NM_001257234	0	0	0
NM_001257231	0	0	0
NM_001099922	0	0	0
NM_018466	0	0	0
NM_001168385	0	0	0
NM_001195578	0	0	0
NM_001195577	0	0	0
NM_001195576	0	0	0
NM_178175	52	28	24
NR_036255	0	0	0
NM_001113490	27	6	21
NM_133265	21	12	9
NR_031733	0	0	0
NR_031581	0	0	0
NR_031563	0	0	0
NR_002993	0	0	0
NR_031732	0	0	0
NR_031578	0	0	0
NR_029955	0	0	0
NM_000640	0	0	0
NM_001145346	0	0	0
NM_016383	0	0	0
NR_110384	0	0	0
NR_110383	0	0	0
NR_130730	0	0	0
NM_000686	1	1	0
NM_007231	0	0	0
NM_001017978	0	0	0
NR_031685	0	0	0
NM_173798	0	0	0
NM_001312891	0	0	0
NR_110393	0	0	0
NM_006667	1	0	1
NM_001282621	0	0	0
NR_110396	0	0	0
NM_001152	9083	5512	5362
NR_028443	33	918	906
NM_017544	0	0	0
NM_001282161	0	0	0
NR_030413	0	0	0
NM_181762	0	0	0
NM_001173488	3	2	1
NM_001173487	0	0	0
NM_003336	0	0	0
NM_001170570	0	0	0
NM_001170569	0	0	0
NM_022101	0	0	0
NM_001000	6364	3278	3086
NM_001105576	55	26	29
NR_002584	4	1	3
NM_006978	611	318	304
NM_001008534	0	0	0
NM_023010	0	0	0
NM_004541	2250	1132	1129
NM_001008535	0	0	0
NM_080632	0	0	0
NM_178813	0	0	0
NR_131250	0	0	0
NM_001099685	0	0	0
NM_139282	0	0	0
NR_126557	2	0	2
NM_032498	0	0	0
NM_001184742	1	1	0
NM_017938	0	0	0
NM_006777	0	0	0
NM_001104545	0	0	0
NM_001104544	0	0	0
NR_027131	44	20	24
NM_012069	0	0	0
NM_001142447	0	0	0
NM_001079872	16	9	7
NM_003588	0	0	0
NM_014060	42	21	21
NM_001137554	4	2	2
NM_001011551	0	0	0
NM_152692	0	0	0
NM_001080140	0	0	0
NM_001145718	0	0	0
NM_012084	120	48	72
NR_037444	0	0	0
NM_001256743	0	0	0
NR_130770	2	4	4
NM_002351	0	0	0
NM_001114937	0	0	0
NM_001195272	0	0	0
NR_110409	0	0	0
NM_001013628	0	0	0
NM_178470	0	0	0
NM_001122716	0	0	0
NM_138289	0	0	0
NM_001587	0	0	0
NM_000276	0	0	0
NM_017413	64	32	32
NM_016032	2	1	1
NM_001008222	0	0	0
NM_018990	5431	2693	2738
NM_001166221	0	0	0
NM_006649	3	2	1
NM_001130846	0	0	0
NM_001421	0	0	0
NM_001127197	2	2	0
NM_017666	183	95	88
NM_004794	562	274	288
NM_001282198	0	0	0
NM_178471	0	0	0
NM_001282197	2	2	0
NM_001282196	0	0	0
NM_001282195	0	0	0
NR_104107	0	0	0
NM_016024	885	418	467
NR_027141	303	156	147
NR_126350	0	0	0
NM_001170961	0	0	0
NM_001555	0	0	0
NM_001170963	0	0	0
NM_001170962	0	0	0
NM_205833	0	0	0
NM_001004486	0	0	0
NM_016542	0	0	0
NM_001042453	0	0	0
NM_001042452	0	0	0
NM_001271187	0	0	0
NM_001271186	0	0	0
NR_073150	0	0	0
NM_021183	0	0	0
NR_046691	0	0	0
NM_031907	0	0	0
NM_016521	0	0	0
NM_001448	311	158	153
NR_029491	0	0	0
NR_029852	0	0	0
NR_029950	1	0	1
NR_029949	0	0	0
NR_029523	0	0	0
NR_029509	0	0	0
NM_001101357	0	0	0
NM_032458	7	4	3
NM_001015877	0	0	0
NM_032335	1	0	1
NR_029946	0	0	0
NR_029962	0	0	0
NR_030228	0	0	0
NR_030227	0	0	0
NR_030587	0	0	0
NR_030399	0	0	0
NR_038998	0	0	0
NR_024607	5	2	3
NM_138819	0	0	0
NM_001170784	0	0	0
NM_001170783	0	0	0
NM_001170782	0	0	0
NM_001170781	26	15	11
NM_001170780	0	45	35
NM_001170779	1	1	0
NM_001170757	0	0	0
NM_001170756	0	0	0
NM_001166599	39	56	56
NM_145284	0	0	0
NM_001166600	0	0	0
NM_001163438	9	3	6
NM_001306188	0	0	0
NM_019556	1	0	1
NM_001078171	370	172	198
NM_001134321	0	0	0
NR_033941	0	0	0
NM_001078173	6	3	3
NM_001078172	27	14	13
NR_103770	0	0	0
NR_024493	1	1	0
NM_017863	0	0	0
NM_001031705	0	0	0
NM_152695	70	31	39
NM_001185063	0	0	0
NM_007131	36	19	17
NR_046740	1	0	1
NR_024359	2	2	0
NM_001017435	0	0	0
NM_001172288	0	0	0
NM_001291543	0	0	0
NM_001007551	0	0	0
NM_001017438	0	0	0
NM_001017417	0	0	0
NM_001017436	0	0	0
NM_001291530	0	0	0
NM_001291535	0	0	0
NM_018666	0	0	0
NM_152582	0	0	0
NM_001291529	0	0	0
NM_001291528	0	0	0
NM_001291527	0	0	0
NM_001291540	0	0	0
NM_173470	952	464	488
NM_001177651	0	0	0
NM_001042537	0	0	0
NM_006359	0	0	0
NM_001173517	7	5	2
NM_024597	0	0	0
NM_001159701	0	0	0
NM_001159699	0	0	0
NM_001173516	0	0	0
NM_016267	0	0	0
NM_014500	0	0	0
NR_030631	0	0	0
NM_001163280	5	1	4
NM_001727	1	1	0
NM_000074	0	0	0
NR_038462	0	0	0
NR_038461	0	0	0
NM_002139	0	0	0
NM_001164803	1274	595	679
NR_028477	0	0	0
NR_028476	0	0	0
NR_002735	0	0	0
NM_054021	0	0	0
NM_003413	0	0	0
NR_026935	0	0	0
NR_030229	0	0	0
NR_038405	0	0	0
NR_028597	12	8	4
NM_001313913	0	0	0
NM_000133	0	0	0
NM_173694	0	0	0
NM_001010986	0	0	0
NR_030230	0	0	0
NM_001013403	0	0	0
NM_001271560	0	0	0
NM_005634	0	0	0
NR_028345	0	0	0
NR_028344	0	0	0
NM_004065	0	0	0
NR_031725	0	0	0
NM_032461	0	0	0
NR_104088	0	0	0
NR_104080	0	0	0
NR_104084	0	0	0
NR_004394	0	0	0
NR_125730	0	0	0
NM_022661	0	0	0
NM_012317	6	5	1
NM_145662	0	0	0
NM_013453	0	0	0
NM_032417	0	0	0
NM_138702	0	0	0
NM_177456	0	0	0
NM_005462	0	0	0
NM_016249	0	0	0
NM_001009613	0	0	0
NM_001009609	0	0	0
NM_173078	0	0	0
NM_001184750	0	0	0
NM_001184749	0	0	0
NM_001009615	0	0	0
NM_001012989	0	0	0
NR_121210	0	0	0
NM_001009614	0	0	0
NM_001144010	0	0	0
NM_001144009	0	0	0
NM_001144008	0	0	0
NM_004709	0	0	0
NM_001144003	0	0	0
NM_001144004	0	0	0
NM_001144005	0	0	0
NM_032539	0	0	0
NM_001144006	0	0	0
NR_106783	0	0	0
NR_030584	0	0	0
NR_030593	0	0	0
NR_030592	0	0	0
NR_030590	0	0	0
NR_030589	0	0	0
NR_030581	0	0	0
NM_001244892	0	0	0
NM_001144064	0	0	0
NR_031709	0	0	0
NR_031708	0	0	0
NR_030239	0	0	0
NR_030240	0	0	0
NR_030232	0	0	0
NR_030231	0	0	0
NR_030238	0	0	0
NR_030237	0	0	0
NR_030236	0	0	0
NR_030233	0	0	0
NR_036173	0	0	0
NR_030586	0	0	0
NR_030629	0	0	0
NR_030234	0	0	0
NR_030235	0	0	0
NM_001185082	0	0	0
NM_001185081	0	0	0
NM_001185076	0	0	0
NR_024503	0	0	0
NR_024502	0	0	0
NR_024501	0	0	0
NR_033700	0	0	0
NM_002024	0	0	0
NR_033699	0	0	0
NM_001185075	0	0	0
NR_024499	0	0	0
NM_152578	0	0	0
NM_000202	0	0	0
NM_006123	0	0	0
NM_178124	0	0	0
NM_001166550	0	0	0
NM_001171909	5	5	0
NM_001171908	0	0	0
NM_001171907	0	0	0
NR_104128	1	1	0
NR_027455	14	7	7
NM_001164415	0	0	0
NM_016153	0	0	0
NM_005365	0	0	0
NM_001080790	0	0	0
NM_001282302	2	1	1
NM_001174092	0	0	0
NM_032508	0	0	0
NR_104121	0	0	0
NM_005366	0	0	0
NM_001011544	0	0	0
NM_001166400	0	0	0
NM_005364	0	0	0
NR_102703	0	0	0
NM_001166401	0	0	0
NR_109813	0	0	0
NM_001013845	477	240	237
NR_031748	0	0	0
NM_005342	0	0	0
NM_001301231	0	0	0
NM_001301229	0	0	0
NM_001301228	0	0	0
NM_004224	0	0	0
NR_036256	0	0	0
NM_001017980	1486	711	775
NR_033262	0	0	0
NM_024082	0	0	0
NM_033085	0	0	0
NM_005140	0	0	0
NM_004961	0	0	0
NM_002362	0	0	0
NR_029638	0	0	0
NM_001011550	0	0	0
NM_001011549	0	0	0
NM_001011548	0	0	0
NR_029973	0	0	0
NM_001251828	0	0	0
NM_001204811	0	0	0
NM_021048	0	0	0
NM_001011543	0	0	0
NM_021049	0	0	0
NR_029521	0	0	0
NR_030409	0	0	0
NR_029522	0	0	0
NM_018558	0	0	0
NM_175743	0	0	0
NM_005367	0	0	0
NM_153478	0	0	0
NM_001129828	0	0	0
NM_001129826	0	0	0
NM_001282502	0	0	0
NM_153488	0	0	0
NM_175742	0	0	0
NM_001166386	0	0	0
NM_001282501	0	0	0
NM_001166387	0	0	0
NM_001102576	0	0	0
NM_001282505	0	0	0
NM_001282504	0	0	0
NM_005361	0	0	0
NR_073432	0	0	0
NR_130638	0	0	0
NM_005363	0	0	0
NM_175868	0	0	0
NM_001129765	0	0	0
NM_015922	0	0	0
NM_013364	0	0	0
NM_001184924	0	0	0
NM_032882	3	1	2
NM_001103150	0	0	0
NM_001103151	0	0	0
NM_001282535	0	0	0
NM_052926	0	0	0
NM_004988	0	0	0
NM_001080485	1177	586	591
NM_080701	7	2	5
NM_001136273	22	11	11
NM_017518	1	0	1
NM_001130997	0	0	0
NM_152274	0	0	0
NM_021949	0	0	0
NM_001001344	0	0	0
NR_131982	7	3	4
NM_001711	0	0	0
NM_001142806	0	0	0
NM_001142805	0	0	0
NM_005629	0	0	0
NM_005745	0	0	0
NM_001395	0	0	0
NM_001135740	0	0	0
NM_000033	141	73	68
NM_001139457	18	9	9
NM_001139441	0	0	0
NM_001256447	0	0	0
NM_001039582	0	0	0
NM_005393	0	0	0
NR_037927	24	11	13
NM_004135	0	0	0
NM_001170761	0	0	0
NM_001170760	0	0	0
NM_174869	6	2	4
NM_014370	0	0	0
NM_006280	0	0	0
NM_001163257	0	0	0
NM_001303515	0	0	0
NM_001303513	1	1	0
NM_001303512	0	0	0
NM_001303516	0	0	0
NM_001204527	1	49	64
NM_024003	0	0	0
NM_000425	0	0	0
NM_032512	0	0	0
NM_001303514	0	0	0
NM_001143963	0	0	0
NM_001204526	0	0	0
NM_005334	2849	1398	1451
NM_001666	0	0	0
NM_001256120	0	0	0
NM_001256119	0	0	0
NR_027419	0	0	0
NR_036174	0	0	0
NM_002910	130	61	69
NM_001146151	0	0	0
NR_036175	0	0	0
NM_003491	0	0	0
NM_001164741	4	3	1
NM_000054	0	0	0
NM_003492	72	33	39
NR_130768	1	0	1
NR_046608	6	2	4
NM_004992	518	256	262
NR_031757	0	0	0
NM_001569	0	0	0
NM_001316337	0	0	0
NM_001025242	0	0	0
NM_001025243	0	0	0
NM_001110792	0	0	0
NM_001048181	0	0	0
NM_020061	0	0	0
NM_001303626	0	0	0
NM_001303625	0	0	0
NM_001303624	17	6	11
NM_001456	0	0	0
NM_001256580	0	0	0
NM_001256577	0	0	0
NM_012253	0	0	0
NM_000117	1431	733	699
NM_006013	0	0	0
NM_001110556	0	0	0
NM_001145934	0	0	0
NM_001145933	0	0	0
NR_000011	59	31	28
NM_006014	370	186	184
NM_001142391	0	0	0
NM_001171134	0	0	0
NM_014235	1004	544	460
NR_024048	1	1	0
NM_001493	1864	959	905
NM_019848	2	0	2
NM_001303465	0	0	1
NM_001142392	0	0	0
NM_001183	1163	558	605
NM_000116	0	0	0
NR_106917	0	0	0
NM_181313	0	0	0
NM_181312	0	0	0
NM_181311	0	0	0
NM_021806	0	0	0
NM_004699	1148	588	560
NM_017514	449	226	223
NM_001171132	0	0	0
NM_001171133	0	0	0
NM_001282312	0	0	0
NM_001282311	0	0	0
NR_103768	29	13	16
NM_003639	0	0	0
NM_001145255	0	0	0
NM_139250	0	0	0
NM_172377	0	0	0
NM_020994	0	0	0
NM_001099856	1	0	1
NM_001099857	0	0	0
NM_001327	0	0	0
NR_027402	0	0	0
NR_027401	0	0	0
NM_001282283	0	0	0
NR_110023	0	0	0
NR_049842	0	0	0
NM_001363	0	0	0
NM_001142463	0	0	0
NM_001288747	4	1	3
NM_080612	0	0	0
NM_001081573	0	0	0
NR_104114	1	1	0
NR_002969	0	0	0
NR_002984	0	0	0
NR_110021	3	2	1
NR_110022	4	4	0
NM_080720	0	0	0
NR_036049	0	0	0
NR_036259	0	0	0
NR_036260	0	0	0
NM_001162936	0	0	0
NM_012151	248	112	136
NM_001017990	0	0	0
NM_001017991	0	0	0
NM_001007524	0	0	0
NM_001007523	0	0	0
NM_019863	1	0	1
NM_023934	1807	895	912
NM_001018025	19	8	11
NM_001018024	420	221	199
NM_001242640	0	0	0
NM_024332	1	0	1
NM_001018055	0	0	0
NM_001303545	0	0	0
NM_001303543	0	0	0
NM_171998	341	167	174
NM_003372	0	0	0
NM_001303544	0	0	0
NR_039991	0	0	0
NR_109985	0	0	0
NM_005840	0	0	0
NM_005638	0	0	0
NM_001185183	0	0	0
NR_033714	0	0	0
NM_001145149	0	0	0
NR_033715	0	0	0
NM_176786	0	0	0
NM_002186	1	1	0
NR_110561	4	3	1
